0	30	60
0.9754011631011963	-0.18762381374835968	0.11571553349494934	-0.3413500189781189
0.20550066232681274	0.9638933539390564	-0.16934950649738312	0.013086557388305664
-0.07976332306861877	0.18896347284317017	0.9787393808364868	-0.3872847557067871
0.0	0.0	0.0	1.0
0	31	60
-0.48400604724884033	-0.49038422107696533	0.7247492074966431	-3.130526304244995
0.11198779195547104	0.7867013216018677	0.6070910692214966	-1.0217217206954956
-0.867868959903717	0.37499892711639404	-0.3258513808250427	2.2197749614715576
0.0	0.0	0.0	1.0
0	33	60
-0.046065159142017365	-0.44833245873451233	0.8926790952682495	-2.8415565490722656
0.240604430437088	0.8623394966125488	0.4455108344554901	-0.9142886400222778
-0.9695294499397278	0.23530501127243042	0.06814700365066528	1.072859525680542
0.0	0.0	0.0	1.0
0	34	60
0.41232171654701233	-0.36160245537757874	0.8362026214599609	-2.062922477722168
0.14917857944965363	0.9322657585144043	0.3295850157737732	-1.0154685974121094
-0.8987418413162231	-0.011151880025863647	0.43833670020103455	1.4549747705459595
0.0	0.0	0.0	1.0
0	35	60
0.5699726343154907	-0.18402540683746338	0.8007909059524536	-2.1821682453155518
0.23007574677467346	0.9713544249534607	0.05946236848831177	-1.1603412628173828
-0.7887943983078003	0.1503506302833557	0.5959852933883667	1.852571964263916
0.0	0.0	0.0	1.0
0	36	60
0.32856711745262146	-0.47767433524131775	0.8147827386856079	-1.784514307975769
0.31239914894104004	0.869085431098938	0.3835325241088867	-0.9484413862228394
-0.8913195133209229	0.1285214126110077	0.43477779626846313	1.717710018157959
0.0	0.0	0.0	1.0
0	37	60
0.07167685031890869	-0.6691034436225891	0.7397049069404602	-1.357113242149353
0.3603042960166931	0.7089043259620667	0.6063293814659119	-1.2057245969772339
-0.9300769567489624	0.22305914759635925	0.291892945766449	1.9482016563415527
0.0	0.0	0.0	1.0
0	38	60
-0.33233770728111267	-0.520912766456604	0.7862581014633179	-1.3262178897857666
0.2691712975502014	0.7465867400169373	0.6084036827087402	-1.2371315956115723
-0.9039353132247925	0.4138333797454834	-0.10790425539016724	2.022991180419922
0.0	0.0	0.0	1.0
0	41	60
0.5381888151168823	0.40282151103019714	-0.7403291463851929	1.1687945127487183
-0.22271904349327087	0.915139377117157	0.3360302448272705	-0.7440772652626038
0.8128643035888672	-0.015962466597557068	0.5822337865829468	1.5841565132141113
0.0	0.0	0.0	1.0
0	42	60
-0.4130431115627289	0.21116451919078827	-0.8858922123908997	1.3221200704574585
-0.48833027482032776	0.7697293758392334	0.4111570119857788	-1.0118367671966553
0.7687191367149353	0.6024335622787476	-0.21481336653232574	2.801753044128418
0.0	0.0	0.0	1.0
0	47	60
-0.8701569437980652	0.09426829218864441	-0.48367393016815186	0.18760251998901367
-0.17712149024009705	0.856101930141449	0.48550692200660706	-1.2677412033081055
0.4598422646522522	0.5081363320350647	-0.7282460927963257	4.206686019897461
0.0	0.0	0.0	1.0
0	49	60
-0.2869565486907959	-0.30924689769744873	0.9066545963287354	-2.174583911895752
0.2388751059770584	0.8934608697891235	0.38035085797309875	-1.235795259475708
-0.9276825785636902	0.32572147250175476	-0.1825130581855774	3.658907651901245
0.0	0.0	0.0	1.0
0	50	60
-0.055563777685165405	-0.39969781041145325	0.9149613380432129	-2.1971731185913086
0.22936570644378662	0.8867603540420532	0.4013073146343231	-1.396140694618225
-0.971752941608429	0.2321588099002838	0.04240532964468002	3.7308032512664795
0.0	0.0	0.0	1.0
0	51	60
0.7735576033592224	-0.023833781480789185	0.6332775354385376	-2.226905345916748
-0.3571505546569824	0.8090861439704895	0.46671485900878906	-0.7163605690002441
-0.5234999060630798	-0.587206244468689	0.6173625588417053	0.76301109790802
0.0	0.0	0.0	1.0
1	3	60
0.9102921485900879	-0.009678006172180176	-0.41385316848754883	0.046950340270996094
-0.01476430892944336	0.9983314275741577	-0.05582089349627495	-0.10986591875553131
0.4137027859687805	0.056923821568489075	0.9086306691169739	-0.06816768646240234
0.0	0.0	0.0	1.0
1	31	60
0.39591509103775024	0.8145594596862793	-0.4239622950553894	1.7016855478286743
-0.7734061479568481	0.04687774181365967	-0.6321752071380615	2.488220691680908
-0.49506986141204834	0.5781826972961426	0.6485447883605957	0.13541793823242188
0.0	0.0	0.0	1.0
1	33	60
-0.06856674700975418	-0.37744906544685364	0.9234882593154907	-3.0771756172180176
0.1316182166337967	0.9141533374786377	0.38340628147125244	-0.5012084245681763
-0.9889262318611145	0.14783677458763123	-0.013001412153244019	1.2058719396591187
0.0	0.0	0.0	1.0
1	35	60
0.5954529643058777	-0.16534115374088287	0.7861925363540649	-2.4391090869903564
0.1480889916419983	0.9844134449958801	0.09486725926399231	-0.8193992376327515
-0.7896238565444946	0.05993732810020447	0.6106570959091187	1.8664014339447021
0.0	0.0	0.0	1.0
1	36	60
0.3704027831554413	-0.4763593375682831	0.7974234819412231	-2.0026283264160156
0.22822511196136475	0.8788425326347351	0.418986439704895	-0.6677837371826172
-0.9003975987434387	0.02679792046546936	0.4342426657676697	1.6848645210266113
0.0	0.0	0.0	1.0
1	37	60
0.13279566168785095	-0.6669575572013855	0.7331666350364685	-1.6070208549499512
0.25344422459602356	0.7379752397537231	0.6254265904426575	-0.8945790529251099
-0.9581917524337769	0.10276296734809875	0.26703643798828125	1.9698121547698975
0.0	0.0	0.0	1.0
1	38	60
-0.28351524472236633	-0.5224210619926453	0.8041737675666809	-1.6117429733276367
0.17290788888931274	0.7969899773597717	0.5787138342857361	-0.9147065877914429
-0.943250834941864	0.3031221032142639	-0.13562829792499542	2.0843429565429688
0.0	0.0	0.0	1.0
1	39	60
-0.6094841957092285	-0.31586751341819763	0.7271563410758972	-1.715259313583374
0.15201428532600403	0.853622317314148	0.49821731448173523	-0.7229946851730347
-0.7780876755714417	0.4141937494277954	-0.47225308418273926	1.9588823318481445
0.0	0.0	0.0	1.0
1	47	60
0.09128295630216599	-0.0779392421245575	-0.9927703142166138	2.3869996070861816
-0.4607738256454468	0.8804868459701538	-0.11149132251739502	0.24596422910690308
0.8828107118606567	0.46761977672576904	0.044461123645305634	2.613147497177124
0.0	0.0	0.0	1.0
1	48	60
-0.7072650790214539	-0.21857821941375732	0.6723095178604126	-2.3530499935150146
0.07898575812578201	0.9206153154373169	0.38239872455596924	-0.711795449256897
-0.7025222778320312	0.3235602080821991	-0.6338544487953186	3.749171257019043
0.0	0.0	0.0	1.0
1	49	60
0.2566407322883606	0.21412867307662964	-0.9424882531166077	1.5625114440917969
-0.21891756355762482	0.9626837968826294	0.1591053605079651	0.07324525713920593
0.9413875341415405	0.16549430787563324	0.29394030570983887	0.6828738451004028
0.0	0.0	0.0	1.0
1	50	60
0.04218407720327377	-0.41920581459999084	0.9069104194641113	-2.557894468307495
0.05474737286567688	0.9073246717453003	0.4168507158756256	-0.8987675309181213
-0.9976087808609009	0.03206631541252136	0.061224907636642456	3.5679574012756348
0.0	0.0	0.0	1.0
1	51	60
0.7549926042556763	-0.4007539749145508	0.5190201997756958	-1.750853180885315
0.43785709142684937	0.8973041772842407	0.05591222271323204	-0.37738320231437683
-0.4881264269351959	0.1850433051586151	0.8529310822486877	0.6797378063201904
0.0	0.0	0.0	1.0
2	3	60
0.8068498373031616	0.06414222717285156	-0.5872644782066345	-0.10681897401809692
-0.15772034227848053	0.9813937544822693	-0.10950404405593872	-0.12561412155628204
0.569313645362854	0.18097668886184692	0.8019535541534424	0.06494426727294922
0.0	0.0	0.0	1.0
2	31	60
-0.761192798614502	0.1779024749994278	-0.6236478686332703	1.2844867706298828
-0.5380328297615051	0.36367106437683105	0.7604368329048157	-1.9873095750808716
0.36208611726760864	0.914381742477417	-0.18110638856887817	3.2056796550750732
0.0	0.0	0.0	1.0
2	33	60
0.13587939739227295	-0.23727717995643616	0.9618920683860779	-3.4759926795959473
0.24738968908786774	0.9482665061950684	0.19896933436393738	-0.08112652599811554
-0.9593411087989807	0.21092601120471954	0.18754948675632477	0.7505365610122681
0.0	0.0	0.0	1.0
2	35	60
0.7830043435096741	-0.07361635565757751	0.6176450252532959	-2.9096312522888184
0.17300209403038025	0.9795665740966797	-0.1025659441947937	-0.6856719255447388
-0.5974735617637634	0.18716324865818024	0.7797405123710632	1.295804500579834
0.0	0.0	0.0	1.0
2	37	60
0.3406466245651245	-0.5977177619934082	0.7257363796234131	-2.1944384574890137
0.3410648703575134	0.7978829741477966	0.497048556804657	-0.9208245873451233
-0.876147449016571	0.07820548117160797	0.47565677762031555	1.6342132091522217
0.0	0.0	0.0	1.0
2	39	60
-0.42849481105804443	-0.31008291244506836	0.8486701250076294	-2.2563118934631348
0.33018216490745544	0.8205695748329163	0.466525137424469	-0.7412574291229248
-0.8410540819168091	0.4801193177700043	-0.24922585487365723	1.598897933959961
0.0	0.0	0.0	1.0
2	48	60
-0.52759850025177	-0.1545572280883789	0.8353156447410583	-3.27748703956604
0.23615233600139618	0.9178663492202759	0.31898897886276245	-0.714130163192749
-0.8160099983215332	0.3655596375465393	-0.44776594638824463	3.2426881790161133
0.0	0.0	0.0	1.0
2	49	60
0.2694229185581207	0.2861386835575104	0.9195302128791809	-3.1481850147247314
-0.3049681484699249	0.9310465455055237	-0.20036645233631134	0.5922120809555054
-0.9134581089019775	-0.22644415497779846	0.33810853958129883	2.1808979511260986
0.0	0.0	0.0	1.0
2	50	60
0.24291929602622986	-0.30218905210494995	0.9217766523361206	-3.4616687297821045
0.3880353271961212	0.9011727571487427	0.1931738555431366	-0.9630008935928345
-0.8890548944473267	0.3107561469078064	0.3361722230911255	3.0403826236724854
0.0	0.0	0.0	1.0
2	51	60
0.6835554242134094	-0.2008024901151657	0.7017335891723633	-2.5391242504119873
0.27107030153274536	0.9624922871589661	0.011370843276381493	-0.3428187966346741
-0.6776964068412781	0.18244658410549164	0.7123486995697021	0.6909924149513245
0.0	0.0	0.0	1.0
3	24	60
0.9743138551712036	-0.16754692792892456	-0.15046757459640503	0.4013155400753021
0.2247931957244873	0.7634687423706055	0.6054611802101135	-1.2347607612609863
0.013434112071990967	-0.6237332820892334	0.7815217971801758	0.8606925010681152
0.0	0.0	0.0	1.0
3	25	60
-0.12342461943626404	0.08895868062973022	-0.9883586168289185	2.6178760528564453
0.22141900658607483	0.9733337163925171	0.05995619297027588	-0.14570865035057068
0.9673364162445068	-0.21144120395183563	-0.1398303508758545	2.6144001483917236
0.0	0.0	0.0	1.0
3	26	60
-0.7214598655700684	0.31636685132980347	-0.6159604787826538	2.5528173446655273
-0.0765775740146637	0.8476217985153198	0.5250452756881714	-0.8058493137359619
0.6882085800170898	0.4259680509567261	-0.5872986912727356	3.746624708175659
0.0	0.0	0.0	1.0
3	29	60
0.9261608123779297	-0.35901036858558655	0.1154903769493103	-0.9149357080459595
0.37639665603637695	0.8990288972854614	-0.22376957535743713	1.204437255859375
-0.02349376678466797	0.25071656703948975	0.9677754640579224	0.642841100692749
0.0	0.0	0.0	1.0
3	30	60
0.22348716855049133	-0.6375524401664734	-0.737278938293457	2.3024611473083496
-0.8266529440879822	-0.524746835231781	0.20318937301635742	0.4574715495109558
-0.516428530216217	0.564063549041748	-0.6443085670471191	4.432079315185547
0.0	0.0	0.0	1.0
3	32	60
-0.8373367786407471	-0.10060717165470123	-0.5373504161834717	0.8754924535751343
-0.49544644355773926	0.5551321506500244	0.6681028008460999	-1.3030965328216553
0.23108431696891785	0.825655460357666	-0.5146778225898743	4.197497844696045
0.0	0.0	0.0	1.0
3	33	60
-0.4338622987270355	-0.3892771303653717	0.8125432133674622	-2.2563509941101074
0.06521373987197876	0.8859111666679382	0.45924800634384155	-0.5474937558174133
-0.8986156582832336	0.25223949551582336	-0.35897746682167053	2.312528371810913
0.0	0.0	0.0	1.0
3	34	60
-0.003832615911960602	-0.4079689085483551	0.9129879474639893	-1.454066514968872
0.11009493470191956	0.907272458076477	0.40587711334228516	-0.6073038578033447
-0.9939138889312744	0.10207091271877289	0.041437797248363495	2.4189698696136475
0.0	0.0	0.0	1.0
3	35	60
-0.32673901319503784	0.6156997680664062	-0.7170461416244507	2.2044677734375
0.2193399965763092	-0.6885738372802734	-0.6911987662315369	1.9927608966827393
-0.919310450553894	-0.38311830163002014	0.08993655443191528	3.08493709564209
0.0	0.0	0.0	1.0
3	36	60
0.020090213045477867	-0.4705515205860138	0.8821437358856201	-1.1150246858596802
0.1664121299982071	0.8715878129005432	0.4611307978630066	-0.485458105802536
-0.9858517646789551	0.13753511011600494	0.09581587463617325	2.3758299350738525
0.0	0.0	0.0	1.0
3	37	60
-0.2275351732969284	-0.6311239004135132	0.7415592670440674	-0.6052575707435608
0.2062261402606964	0.713029146194458	0.6701197028160095	-0.7161577343940735
-0.9516818523406982	0.3054044842720032	-0.03208513557910919	2.4807724952697754
0.0	0.0	0.0	1.0
3	38	60
-0.6443905234336853	-0.38473132252693176	0.6608648896217346	-0.5589876174926758
0.12159217149019241	0.8016729950904846	0.5852656364440918	-0.6973947286605835
-0.7549676299095154	0.4574955701828003	-0.4698101282119751	2.6357874870300293
0.0	0.0	0.0	1.0
3	40	60
0.06080770492553711	0.5005742311477661	-0.8635554313659668	1.4929673671722412
-0.7356491088867188	0.6072162389755249	0.30018165707588196	-0.6306042075157166
0.6746282577514648	0.6170206069946289	0.4051702618598938	1.3211240768432617
0.0	0.0	0.0	1.0
3	41	60
-0.9995406270027161	0.010290458798408508	-0.028509795665740967	-0.35413822531700134
-0.009310722351074219	0.7908834218978882	0.6118960380554199	-0.4935183823108673
0.028844576328992844	0.6118806004524231	-0.7904244661331177	3.1594953536987305
0.0	0.0	0.0	1.0
3	42	60
0.865481972694397	0.13550564646720886	-0.48226454854011536	1.31565523147583
-0.4866161346435547	-0.0011521577835083008	-0.8736150860786438	3.2080249786376953
-0.1189352422952652	0.9907758235931396	0.06494210660457611	2.461081027984619
0.0	0.0	0.0	1.0
3	44	60
0.8052919507026672	0.4327430725097656	-0.4052632451057434	0.42702341079711914
-0.5577316880226135	0.7847923040390015	-0.27025237679481506	0.9779419898986816
0.20109763741493225	0.4436601996421814	0.8733415603637695	-0.46033668518066406
0.0	0.0	0.0	1.0
3	45	60
0.6989615559577942	-0.07181397825479507	0.7115442752838135	-2.662600517272949
0.1510944962501526	0.9873148798942566	-0.04877592623233795	0.6391656398773193
-0.6990154981613159	0.14160293340682983	0.7009460926055908	-0.5589544773101807
0.0	0.0	0.0	1.0
3	46	60
0.38920533657073975	-0.6895077228546143	0.6108179092407227	-1.5230135917663574
0.1929800659418106	0.7094215154647827	0.677849531173706	-0.9138933420181274
-0.9007098078727722	-0.1459469497203827	0.40917184948921204	1.5042589902877808
0.0	0.0	0.0	1.0
3	48	60
-0.993729829788208	-0.05689153075218201	0.09625077247619629	0.020493358373641968
0.010215967893600464	0.8110605478286743	0.5848730802536011	-1.0054945945739746
-0.1113395243883133	0.5821893215179443	-0.8053940534591675	4.4345598220825195
0.0	0.0	0.0	1.0
3	49	60
0.8378995060920715	0.5222783088684082	0.15858635306358337	-0.09994107484817505
-0.4969401955604553	0.609766960144043	0.6174420118331909	-0.7330607771873474
0.2257758378982544	-0.5961621999740601	0.770464301109314	0.08753156661987305
0.0	0.0	0.0	1.0
4	8	60
0.9405218362808228	0.10744651407003403	-0.3222951591014862	1.2572247982025146
0.07083157449960709	0.8658057451248169	0.49534276127815247	-1.1674377918243408
0.3322676122188568	-0.4887090027332306	0.8066981434822083	1.7627229690551758
0.0	0.0	0.0	1.0
4	24	60
-0.9573144316673279	-0.18642261624336243	0.22089584171772003	-0.35897183418273926
-0.05919981002807617	0.8744753003120422	0.48144420981407166	-1.1757750511169434
-0.28292030096054077	0.44781652092933655	-0.8481841683387756	5.1371588706970215
0.0	0.0	0.0	1.0
4	25	60
-0.8177449107170105	-0.17145700752735138	-0.5494502782821655	2.450230598449707
-0.10639064013957977	-0.8931263089179993	0.43704304099082947	-0.9695547819137573
-0.5656625628471375	0.4158461093902588	0.7121080756187439	2.128654956817627
0.0	0.0	0.0	1.0
4	26	60
-0.43554162979125977	-0.7801608443260193	0.4490574598312378	-0.045891523361206055
-0.5894932150840759	-0.12981092929840088	-0.7972747087478638	1.973729133605957
0.6802951097488403	-0.6119625568389893	-0.40336138010025024	3.532745361328125
0.0	0.0	0.0	1.0
4	29	60
-0.8776179552078247	0.1485174000263214	0.4557732343673706	-0.17773383855819702
0.35515451431274414	0.8400292992591858	0.4101404845714569	-0.4610454738140106
-0.3219497799873352	0.5218170881271362	-0.789971649646759	5.384577751159668
0.0	0.0	0.0	1.0
4	30	60
-0.7090733051300049	0.45642343163490295	-0.5374874472618103	1.4659082889556885
0.2634541988372803	0.8785289525985718	0.39847037196159363	-1.0888137817382812
0.6540695428848267	0.140941321849823	-0.7431882619857788	4.918264389038086
0.0	0.0	0.0	1.0
4	31	60
-0.8173684477806091	0.39663219451904297	0.4178417921066284	-1.0274219512939453
-0.24738332629203796	-0.8966397047042847	0.36720332503318787	-0.21091771125793457
0.520298182964325	0.19677305221557617	0.831005334854126	1.0294493436813354
0.0	0.0	0.0	1.0
4	32	60
-0.11876408755779266	0.9915992617607117	0.05124509334564209	-0.05057844519615173
-0.3576139807701111	0.005429297685623169	-0.9338537454605103	2.279277801513672
-0.9262867569923401	-0.1292344033718109	0.35396483540534973	1.004819631576538
0.0	0.0	0.0	1.0
4	42	60
-0.8731212019920349	0.2580641210079193	-0.4135967493057251	1.1945385932922363
-0.17409829795360565	0.627392590045929	0.7589917182922363	-1.291662335395813
0.45535606145858765	0.7346982955932617	-0.5028612017631531	3.615732431411743
0.0	0.0	0.0	1.0
4	44	60
-0.04123401641845703	0.4422847628593445	-0.895926296710968	2.2544643878936768
-0.108665332198143	0.8893849849700928	0.44405674934387207	-0.8834501504898071
0.9932228326797485	0.1156664565205574	0.011388182640075684	2.3904340267181396
0.0	0.0	0.0	1.0
4	45	60
-0.12301948666572571	0.16190247237682343	-0.9791087508201599	2.419390916824341
-0.18976245820522308	0.9645606279373169	0.18333956599235535	-0.34689024090766907
0.9740927219390869	0.20835241675376892	-0.08793658018112183	2.5668697357177734
0.0	0.0	0.0	1.0
4	47	60
-0.6119322180747986	0.6058180332183838	0.5084518194198608	-1.2625750303268433
0.07967621088027954	0.6868184208869934	-0.7224488258361816	2.3327748775482178
-0.7868865728378296	-0.40157803893089294	-0.4685556888580322	3.9131240844726562
0.0	0.0	0.0	1.0
5	6	60
0.9214133024215698	-0.06620074808597565	0.382904052734375	0.09902200102806091
0.05284389853477478	0.9975743293762207	0.045309122651815414	0.021194875240325928
-0.38497471809387207	-0.0215141661465168	0.9226765632629395	-0.09511280059814453
0.0	0.0	0.0	1.0
5	11	60
0.8616161942481995	0.14491285383701324	-0.48643386363983154	1.4945881366729736
0.15454719960689545	0.8379642367362976	0.5233849883079529	-0.8116605281829834
0.48345938324928284	-0.5261338949203491	0.6996076107025146	1.3369513750076294
0.0	0.0	0.0	1.0
5	15	60
-0.11764171719551086	0.572522759437561	-0.8114049434661865	1.8804304599761963
-0.4309265613555908	0.7067091464996338	0.5611280202865601	-1.0889577865600586
0.8946858048439026	0.4156681001186371	0.16357682645320892	3.2083892822265625
0.0	0.0	0.0	1.0
5	40	60
-0.4207606911659241	0.30919063091278076	-0.8528550863265991	1.86312997341156
-0.3503412902355194	-0.9225720167160034	-0.16162262856960297	1.0655488967895508
-0.8367922306060791	0.2307860106229782	0.49650439620018005	1.6620838642120361
0.0	0.0	0.0	1.0
6	8	60
0.976933479309082	0.1516197770833969	0.15037471055984497	0.4526541829109192
-0.2026018500328064	0.8806188702583313	0.4283255636692047	-0.821869432926178
-0.06748022139072418	-0.4489116668701172	0.8910244703292847	1.7161383628845215
0.0	0.0	0.0	1.0
6	9	60
-0.32405948638916016	0.7824737429618835	-0.5317143201828003	1.4044432640075684
0.03241918981075287	0.5708989500999451	0.8203798532485962	-1.08573579788208
0.9454808831214905	0.24861431121826172	-0.21037226915359497	3.5540339946746826
0.0	0.0	0.0	1.0
6	10	60
0.5262928009033203	0.8266204595565796	0.19928398728370667	-0.037922680377960205
0.3930915892124176	-0.4443468451499939	0.805006206035614	-0.8332332968711853
0.7539858222007751	-0.3453321158885956	-0.558793842792511	4.125104904174805
0.0	0.0	0.0	1.0
6	24	60
-0.9345479011535645	-0.03557362034916878	0.3540544807910919	-0.5609444975852966
0.10591431707143784	0.9220842719078064	0.3722134530544281	-0.654861330986023
-0.3397091031074524	0.38535067439079285	-0.8579641580581665	5.089341163635254
0.0	0.0	0.0	1.0
6	25	60
-0.7640026211738586	-0.49609410762786865	-0.41254159808158875	2.2713027000427246
-0.6438645720481873	0.5448870658874512	0.5371556282043457	-0.6124157309532166
-0.04169096052646637	0.6760092377662659	-0.7357127070426941	4.907135963439941
0.0	0.0	0.0	1.0
6	26	60
-0.9456242322921753	0.0019448800012469292	-0.32525524497032166	2.2289505004882812
0.01982603594660759	0.9984674453735352	-0.05167008936405182	0.28974205255508423
0.32465627789497375	-0.055308997631073	-0.9442136287689209	5.10117244720459
0.0	0.0	0.0	1.0
6	29	60
0.5413165092468262	0.4142826795578003	0.7316735982894897	-0.595341145992279
-0.5398715138435364	0.8383742570877075	-0.07528290152549744	0.7524471879005432
-0.6446045637130737	-0.3542579114437103	0.6774854063987732	1.6084717512130737
0.0	0.0	0.0	1.0
6	30	60
-0.9389855861663818	-0.1813036948442459	0.29229238629341125	-0.01745671033859253
-0.05352112650871277	0.9164614677429199	0.3965270519256592	-0.9265203475952148
-0.33976680040359497	0.3566893935203552	-0.8702478408813477	4.767067909240723
0.0	0.0	0.0	1.0
6	31	60
-0.7465847134590149	-0.5635879039764404	0.35352519154548645	-0.2373131513595581
-0.25712457299232483	0.7345281839370728	0.6279769539833069	-0.9177693724632263
-0.613594651222229	0.37793800234794617	-0.6932997703552246	3.789583683013916
0.0	0.0	0.0	1.0
6	42	60
-0.8305907249450684	0.5419124960899353	0.12825645506381989	-0.13323594629764557
0.5549502968788147	0.7862849831581116	0.2716352641582489	0.05149644613265991
0.04635635018348694	0.29679369926452637	-0.9538156390190125	4.637582778930664
0.0	0.0	0.0	1.0
6	43	60
-0.11198820918798447	0.4529387950897217	-0.8844798803329468	2.1833083629608154
-0.10120710730552673	0.8802518248558044	0.463588148355484	-0.8140499591827393
0.9885423183441162	0.14143195748329163	-0.05273747816681862	2.7942988872528076
0.0	0.0	0.0	1.0
6	44	60
-0.18609192967414856	0.20290203392505646	-0.9613533020019531	2.3514111042022705
-0.13399061560630798	0.9640626907348633	0.22941085696220398	-0.27815258502960205
0.9733527898788452	0.17150378227233887	-0.15221720933914185	2.808452606201172
0.0	0.0	0.0	1.0
6	45	60
-0.04696911573410034	0.15813301503658295	-0.9863002300262451	2.4098780155181885
-0.12914033234119415	0.9781423211097717	0.16297484934329987	-0.16663074493408203
0.9905135631561279	0.13502582907676697	-0.02552095055580139	2.4702324867248535
0.0	0.0	0.0	1.0
6	46	60
0.019690016284585	0.1786334067583084	0.983718991279602	-2.40779709815979
-0.19929933547973633	0.9648644924163818	-0.17122042179107666	0.5739367008209229
-0.9797409772872925	-0.19268321990966797	0.05459959805011749	1.659621238708496
0.0	0.0	0.0	1.0
6	47	60
-0.42115387320518494	0.5119155645370483	0.7487132549285889	-1.2581027746200562
0.09511853009462357	0.8458698391914368	-0.524839460849762	1.7516627311706543
-0.9019873142242432	-0.14982165396213531	-0.4049341380596161	3.575183868408203
0.0	0.0	0.0	1.0
7	9	60
0.9423248171806335	0.14955779910087585	-0.2994270920753479	0.5592527389526367
-0.09385307133197784	0.9767937660217285	0.19252470135688782	-0.4335734248161316
0.32127201557159424	-0.1533186137676239	0.9344931840896606	1.5792790651321411
0.0	0.0	0.0	1.0
7	10	60
0.6662684679031372	0.28495755791664124	-0.689119279384613	0.7729396820068359
-0.17408885061740875	0.9580116271972656	0.22783099114894867	-0.4484856128692627
0.7251065969467163	-0.031828612089157104	0.687900960445404	1.5851287841796875
0.0	0.0	0.0	1.0
7	24	60
-0.7921757102012634	0.2371414601802826	0.5623360276222229	-1.5898228883743286
0.25571581721305847	0.9656100869178772	-0.04697275906801224	0.2611337900161743
-0.5541367530822754	0.10658731311559677	-0.8255735635757446	4.410929203033447
0.0	0.0	0.0	1.0
7	25	60
-0.18609404563903809	-0.10626204311847687	0.9767687916755676	-1.8088737726211548
0.23929812014102936	0.9592970609664917	0.14995241165161133	-0.6561654806137085
-0.9529455900192261	0.26164424419403076	-0.15309110283851624	3.7628469467163086
0.0	0.0	0.0	1.0
7	26	60
-0.6532901525497437	0.23621731996536255	-0.7193146347999573	2.2725369930267334
-0.037355028092861176	0.9388686418533325	0.3422434329986572	-0.6604596376419067
0.7561856508255005	0.25045424699783325	-0.6045294404029846	3.675009250640869
0.0	0.0	0.0	1.0
7	28	60
0.7195724248886108	0.41528600454330444	-0.5565544366836548	0.47727563977241516
-0.40104711055755615	0.9028236865997314	0.15514665842056274	0.08530333638191223
0.5669008493423462	0.11156537383794785	0.8161965608596802	0.5768251419067383
0.0	0.0	0.0	1.0
7	29	60
-0.4891970157623291	0.11544882506132126	0.8644986152648926	-1.7393243312835693
0.07260429859161377	0.9931507706642151	-0.09154464304447174	0.7686092853546143
-0.8691461086273193	0.01798323541879654	-0.49422818422317505	4.012601375579834
0.0	0.0	0.0	1.0
7	30	60
-0.5709370374679565	-0.21339713037014008	0.7927752733230591	-1.4183387756347656
0.25897225737571716	0.8695186376571655	0.4205600321292877	-0.9954306483268738
-0.7790794968605042	0.4454197585582733	-0.4411762058734894	3.2438340187072754
0.0	0.0	0.0	1.0
7	31	60
-0.7446630597114563	-0.37989652156829834	0.5487764477729797	-1.0250349044799805
0.19527378678321838	0.6622270345687866	0.7234112024307251	-1.015818476676941
-0.6382361054420471	0.6458590030670166	-0.4189523458480835	2.8215014934539795
0.0	0.0	0.0	1.0
7	43	60
-0.21194696426391602	0.336062490940094	-0.9176821112632751	1.7348906993865967
-0.25631701946258545	0.8870280981063843	0.3840354084968567	-0.7812439203262329
0.943069577217102	0.31661272048950195	-0.10186444222927094	2.374094009399414
0.0	0.0	0.0	1.0
7	44	60
-0.19759047031402588	0.24986080825328827	-0.9479071497917175	1.8282464742660522
-0.20368830859661102	0.935401976108551	0.28902313113212585	-0.4706178605556488
0.9588894844055176	0.2501857280731201	-0.13393282890319824	2.2726869583129883
0.0	0.0	0.0	1.0
7	45	60
-0.09635639190673828	0.2002188116312027	-0.9750014543533325	1.8823739290237427
-0.21319091320037842	0.9526748657226562	0.21670304238796234	-0.3525127172470093
0.9722476005554199	0.22874219715595245	-0.04911142960190773	2.025975465774536
0.0	0.0	0.0	1.0
7	47	60
-0.8715975284576416	0.46555718779563904	0.15353968739509583	-0.13350972533226013
0.4092201888561249	0.8634234666824341	-0.2950234115123749	1.0741593837738037
-0.2699202299118042	-0.19431036710739136	-0.9430729150772095	4.664706230163574
0.0	0.0	0.0	1.0
8	11	60
-0.9432194232940674	0.008454814553260803	-0.3320622444152832	0.5538367033004761
-0.15584413707256317	0.8715578317642212	0.4648650288581848	-0.8135892748832703
0.29334163665771484	0.4902198910713196	-0.820752739906311	4.339754581451416
0.0	0.0	0.0	1.0
8	25	60
-0.034769609570503235	-0.1827433556318283	0.9825456738471985	-2.0450778007507324
0.2489183098077774	0.9505735635757446	0.1856054961681366	-0.5409229397773743
-0.967900276184082	0.2510268986225128	0.01243707537651062	2.471088171005249
0.0	0.0	0.0	1.0
8	30	60
-0.5144398808479309	-0.5700130462646484	0.6406535506248474	-1.173013687133789
0.40540242195129395	0.49667108058929443	0.7674416899681091	-1.3325228691101074
-0.7556458711624146	0.6545250415802002	-0.02442270517349243	1.4897743463516235
0.0	0.0	0.0	1.0
8	44	60
0.9733089804649353	-0.09622867405414581	0.20834966003894806	-0.5723235011100769
0.053852275013923645	0.9782639145851135	0.20025093853473663	-0.49794888496398926
-0.2230907678604126	-0.1836857795715332	0.9573349952697754	-0.10693144798278809
0.0	0.0	0.0	1.0
8	45	60
0.7347696423530579	-0.2564376890659332	-0.6279752850532532	0.5558691024780273
0.25718656182289124	0.9619812965393066	-0.09190719574689865	-0.020785242319107056
0.627669095993042	-0.09397602081298828	0.7727872133255005	0.1717742681503296
0.0	0.0	0.0	1.0
9	11	60
0.5739921927452087	0.24434056878089905	-0.7815564274787903	0.09015810489654541
-0.23574411869049072	0.9633436799049377	0.1280379295349121	-0.23924380540847778
0.7841922640800476	0.11075460910797119	0.6105538010597229	0.6375961303710938
0.0	0.0	0.0	1.0
9	24	60
-0.8418985605239868	-0.4075087904930115	0.3537559509277344	-1.3082166910171509
0.21184805035591125	0.35333243012428284	0.9111948609352112	-1.8095917701721191
-0.4963134229183197	0.8420760631561279	-0.2111404538154602	1.5686269998550415
0.0	0.0	0.0	1.0
9	26	60
-0.3184787929058075	-0.39266708493232727	0.8627766370773315	-1.6119320392608643
0.32868966460227966	0.8079574704170227	0.489047646522522	-1.079955816268921
-0.8891197443008423	0.4393371343612671	-0.12825173139572144	2.342852830886841
0.0	0.0	0.0	1.0
9	28	60
0.5891944766044617	-0.1988256275653839	0.7831463813781738	-2.147798538208008
0.44560447335243225	0.888486385345459	-0.10967779159545898	-0.16813403367996216
-0.6740077137947083	0.4135952591896057	0.6120887994766235	0.8976214528083801
0.0	0.0	0.0	1.0
9	29	60
-0.6382282376289368	-0.3704909086227417	0.6748343706130981	-1.7344850301742554
0.31747952103614807	0.6719056367874146	0.6691411137580872	-0.9745655655860901
-0.7013356685638428	0.6413109302520752	-0.3112056255340576	2.4450128078460693
0.0	0.0	0.0	1.0
9	30	60
-0.7055715918540955	-0.4183730483055115	0.5719552636146545	-1.1454930305480957
0.3922085165977478	0.44167181849479675	0.8069069385528564	-1.3709522485733032
-0.5902044773101807	0.7936563491821289	-0.1475413739681244	1.1733957529067993
0.0	0.0	0.0	1.0
9	43	60
0.15329405665397644	0.30687546730041504	-0.9393232464790344	1.3913295269012451
-0.32459884881973267	0.9134498238563538	0.24544937908649445	-0.3383156657218933
0.9333469271659851	0.26727771759033203	0.2396373301744461	0.37450480461120605
0.0	0.0	0.0	1.0
9	44	60
0.16801466047763824	0.20780044794082642	-0.9636339545249939	1.3891222476959229
-0.30525442957878113	0.9404500126838684	0.14957833290100098	-0.007012605667114258
0.9373318552970886	0.2690221965312958	0.22144167125225067	0.3069727420806885
0.0	0.0	0.0	1.0
9	45	60
0.27402061223983765	0.14605998992919922	-0.9505679607391357	1.3288776874542236
-0.2900058627128601	0.9549403786659241	0.06313164532184601	0.15162502229213715
0.9169567227363586	0.25837093591690063	0.30403193831443787	0.05353116989135742
0.0	0.0	0.0	1.0
10	12	60
0.8386081457138062	0.21263182163238525	-0.5015223026275635	-0.0066893696784973145
-0.16607452929019928	0.9766381978988647	0.1363706886768341	-0.35090547800064087
0.5188028812408447	-0.03107166290283203	0.8543292284011841	1.4441343545913696
0.0	0.0	0.0	1.0
10	13	60
0.617429792881012	0.4506553113460541	-0.6447403430938721	0.24854809045791626
-0.340771347284317	0.8919614553451538	0.2971193194389343	-0.5919978618621826
0.7089819312095642	0.03625893592834473	0.7042939066886902	2.0468666553497314
0.0	0.0	0.0	1.0
10	15	60
0.44744178652763367	-0.1369933784008026	-0.8837581872940063	0.8256564140319824
0.053627029061317444	-0.9823096394538879	0.1794210821390152	-0.014438316226005554
-0.8927039504051208	-0.1276736855506897	-0.4321797490119934	2.8383231163024902
0.0	0.0	0.0	1.0
10	17	60
0.5630519390106201	0.3439629375934601	-0.7514398097991943	0.5283117294311523
0.015681535005569458	-0.9135524034500122	-0.4064181447029114	1.0060904026031494
-0.8262726068496704	0.2170507311820984	-0.5197713375091553	2.9116897583007812
0.0	0.0	0.0	1.0
10	22	60
-0.843234121799469	0.3229248821735382	-0.429739385843277	-0.651335597038269
-0.2834002375602722	0.4122513234615326	0.8658711910247803	-1.116555094718933
0.4567721486091614	0.851920485496521	-0.25610753893852234	3.300062656402588
0.0	0.0	0.0	1.0
10	28	60
-0.5877441167831421	-0.17023952305316925	0.7909331321716309	-0.34283924102783203
0.42351001501083374	0.7682299613952637	0.4800639748573303	-1.2705645561218262
-0.6893447637557983	0.6171231269836426	-0.37942472100257874	2.95931077003479
0.0	0.0	0.0	1.0
10	29	60
-0.9104591608047485	-0.17440593242645264	0.3750290274620056	-0.5157538056373596
0.17214664816856384	0.6646782755851746	0.7270270586013794	-1.085412621498108
-0.3760712742805481	0.7264884114265442	-0.5751391649246216	3.0888993740081787
0.0	0.0	0.0	1.0
10	43	60
0.6128054261207581	0.22850599884986877	-0.7564749121665955	1.2781647443771362
-0.25114408135414124	0.9639654755592346	0.08773519843816757	-0.06893336772918701
0.7492637634277344	0.13621951639652252	0.6481111645698547	-0.21286118030548096
0.0	0.0	0.0	1.0
10	44	60
0.6108253598213196	0.1380295753479004	-0.7796412706375122	1.2063915729522705
-0.2213672250509262	0.9751902222633362	-0.0007844977080821991	0.22359588742256165
0.760190486907959	0.17306587100028992	0.6262263655662537	-0.22951960563659668
0.0	0.0	0.0	1.0
10	45	60
0.6971282958984375	0.07823142409324646	-0.7126657366752625	1.003363013267517
-0.1936473846435547	0.9776292443275452	-0.08210812509059906	0.3609154522418976
0.690299391746521	0.19524571299552917	0.6966820359230042	-0.420698881149292
0.0	0.0	0.0	1.0
11	13	60
0.947583794593811	0.19960346817970276	-0.24948492646217346	0.6503856182098389
-0.13411131501197815	0.9572081565856934	0.25645017623901367	-0.4217372536659241
0.2899973392486572	-0.2095491886138916	0.9338041543960571	1.3410345315933228
0.0	0.0	0.0	1.0
11	18	60
0.5537316799163818	0.584470808506012	-0.5931065678596497	0.9426119327545166
-0.2830154299736023	0.8019701838493347	0.5260666608810425	-1.0559024810791016
0.7831243276596069	-0.12344144284725189	0.6094903945922852	2.3400766849517822
0.0	0.0	0.0	1.0
11	20	60
0.6285879015922546	0.4275580644607544	-0.6496700644493103	0.5063903331756592
-0.26633626222610474	0.9031630158424377	0.3366923928260803	-1.197185754776001
0.7307134866714478	-0.03861013054847717	0.6815915107727051	2.6895859241485596
0.0	0.0	0.0	1.0
11	21	60
0.027067668735980988	0.6791582107543945	-0.7334926128387451	0.49405014514923096
-0.38554251194000244	0.6840837001800537	0.6191820502281189	-1.1155519485473633
0.922292947769165	0.2660329043865204	0.2803608775138855	2.8140671253204346
0.0	0.0	0.0	1.0
11	22	60
-0.3648425042629242	0.6852194666862488	-0.6303681135177612	0.6222423315048218
-0.40055719017982483	0.4956655502319336	0.7706290483474731	-0.94742351770401
0.8405017852783203	0.5336569547653198	0.09362983703613281	2.6656272411346436
0.0	0.0	0.0	1.0
11	23	60
-0.4548099935054779	0.8492789268493652	-0.26809191703796387	-0.43243709206581116
-0.25783175230026245	-0.41369980573654175	-0.8731411695480347	2.1227779388427734
-0.8524498343467712	-0.32799094915390015	0.40712597966194153	1.5863888263702393
0.0	0.0	0.0	1.0
11	44	60
-0.4905833899974823	0.3339320719242096	-0.8048707842826843	3.3825173377990723
0.6347284317016602	0.7697809934616089	-0.06750492751598358	-0.39488494396209717
0.5970321297645569	-0.5439914464950562	-0.5895981788635254	3.7128608226776123
0.0	0.0	0.0	1.0
11	45	60
0.8081108927726746	0.09443029761314392	-0.5814117193222046	1.2655296325683594
-0.1994996964931488	0.9726061820983887	-0.1193205714225769	0.5696696043014526
0.5542169809341431	0.21241603791713715	0.8048125505447388	-0.966721773147583
0.0	0.0	0.0	1.0
12	19	60
0.8829610347747803	0.31118619441986084	-0.3514866828918457	0.636573076248169
-0.23712582886219025	0.9418323040008545	0.23816648125648499	-1.2796189785003662
0.40515565872192383	-0.12694528698921204	0.9053915739059448	1.8373351097106934
0.0	0.0	0.0	1.0
12	20	60
0.7072619199752808	0.41276878118515015	-0.5739359855651855	0.6801556944847107
-0.3632185161113739	0.9086655378341675	0.20590880513191223	-1.2756431102752686
0.6065089702606201	0.06283286213874817	0.7925899624824524	1.7220133543014526
0.0	0.0	0.0	1.0
12	22	60
-0.3454906940460205	0.6841158866882324	-0.6423563957214355	0.5787267684936523
-0.5341506004333496	0.419438898563385	0.7339987754821777	-0.9293593168258667
0.7715693116188049	0.5967046022415161	0.22050872445106506	1.6546521186828613
0.0	0.0	0.0	1.0
13	19	60
0.9767886400222778	0.13699160516262054	-0.16467396914958954	0.43431997299194336
-0.11544912308454514	0.9842363595962524	0.13397833704948425	-1.1768627166748047
0.18043196201324463	-0.11185711622238159	0.9772063493728638	1.2608050107955933
0.0	0.0	0.0	1.0
13	20	60
0.8591010570526123	0.30049189925193787	-0.414307177066803	0.47963225841522217
-0.2976604700088501	0.9518651962280273	0.0731518566608429	-1.1347668170928955
0.41634607315063477	0.060478001832962036	0.9071927070617676	1.1339370012283325
0.0	0.0	0.0	1.0
13	21	60
0.3806914985179901	0.6360869407653809	-0.6711688041687012	0.3443624973297119
-0.5440916419029236	0.7409635782241821	0.39362090826034546	-1.011127233505249
0.7476887702941895	0.2153291255235672	0.628167986869812	1.2095921039581299
0.0	0.0	0.0	1.0
13	22	60
-0.13815701007843018	0.7151351571083069	-0.6851967573165894	0.3675878643989563
-0.6228822469711304	0.4751429855823517	0.62149578332901	-0.8078796863555908
0.7700199484825134	0.5126609206199646	0.37980055809020996	1.1743035316467285
0.0	0.0	0.0	1.0
14	19	60
0.9965912699699402	-0.009751414880156517	0.08192078769207001	0.37493830919265747
-0.011451350525021553	0.9670265913009644	0.25441837310791016	-0.8681026697158813
-0.08170048892498016	-0.2544892132282257	0.9636184573173523	1.0543692111968994
0.0	0.0	0.0	1.0
14	22	60
0.18189813196659088	0.7537614703178406	-0.6314718127250671	0.22001707553863525
-0.5337501168251038	0.6150299310684204	0.5803866982460022	-0.5442987680435181
0.8258469700813293	0.231477290391922	0.5141932368278503	0.9978636503219604
0.0	0.0	0.0	1.0
15	19	60
0.8296122550964355	-0.3141990900039673	0.4615436792373657	0.4695212244987488
0.18311487138271332	0.9340256452560425	0.3067004084587097	-0.7350181937217712
-0.5274586081504822	-0.16992691159248352	0.8324134945869446	0.7941939830780029
0.0	0.0	0.0	1.0
15	22	60
0.6549314856529236	0.612658679485321	-0.44239541888237	0.25060439109802246
-0.43086570501327515	0.7836825847625732	0.4474330544471741	-0.46106231212615967
0.6208212971687317	-0.10242503881454468	0.77723228931427	0.8371987342834473
0.0	0.0	0.0	1.0
15	23	60
-0.902994692325592	-0.3980313837528229	0.16177619993686676	-0.6567854881286621
-0.33887943625450134	0.4283369481563568	-0.8376682996749878	1.4513120651245117
0.2641235589981079	-0.8112326860427856	-0.5216706991195679	3.3527164459228516
0.0	0.0	0.0	1.0
16	22	60
0.40474724769592285	0.7386341691017151	-0.5390725135803223	0.0665326714515686
-0.5592697858810425	0.6663610935211182	0.49313265085220337	-0.12439613044261932
0.7234617471694946	0.1018930971622467	0.6828038096427917	0.7835218906402588
0.0	0.0	0.0	1.0
17	19	60
0.949583888053894	0.27414602041244507	0.15209928154945374	0.8162170052528381
-0.06337766349315643	0.6429869532585144	-0.7632501721382141	0.6508909463882446
-0.30703988671302795	0.7151304483413696	0.627944827079773	0.9399481415748596
0.0	0.0	0.0	1.0
17	20	60
0.9533742666244507	-0.09861090034246445	0.28522515296936035	0.432023286819458
0.12784460186958313	0.9880833625793457	-0.0857149213552475	-0.4560403823852539
-0.2733737528324127	0.1181829422712326	0.9546202421188354	0.5445609092712402
0.0	0.0	0.0	1.0
17	23	60
-0.7965157628059387	0.2685757875442505	0.5416915416717529	-1.6324231624603271
-0.5885589718818665	-0.5495368242263794	-0.5929650068283081	1.3787846565246582
0.13842347264289856	-0.7911234498023987	0.5957872867584229	1.1774911880493164
0.0	0.0	0.0	1.0
18	22	60
0.48112723231315613	0.671649694442749	-0.5633854866027832	0.04055964946746826
-0.6797945499420166	0.6916260123252869	0.2439938336610794	-0.17401140928268433
0.5535305738449097	0.2655943036079407	0.789344072341919	0.5451979637145996
0.0	0.0	0.0	1.0
19	21	60
-0.7801876068115234	0.3354196846485138	0.5280160903930664	-1.3251028060913086
-0.5158320665359497	-0.8224681615829468	-0.23971539735794067	0.07271245867013931
0.3538709282875061	-0.45939064025878906	0.814699649810791	-0.008457303047180176
0.0	0.0	0.0	1.0
20	22	60
-0.10039358586072922	-0.7993492484092712	0.5924201607704163	-2.023300886154175
-0.4374311566352844	-0.4993337094783783	-0.7478767037391663	1.4277904033660889
0.8936301469802856	-0.3342250883579254	-0.2995304763317108	1.2134983539581299
0.0	0.0	0.0	1.0
21	23	60
0.7192153930664062	0.24653050303459167	-0.6495789289474487	-0.20802044868469238
-0.42149877548217773	0.8980536460876465	-0.12585175037384033	-0.06891848146915436
0.5523300170898438	0.36431121826171875	0.7498061656951904	-0.14765048027038574
0.0	0.0	0.0	1.0
22	31	60
0.9416534304618835	0.12678350508213043	-0.31179186701774597	-1.071916937828064
-0.22784413397312164	0.9219391345977783	-0.3132331371307373	-0.5789892673492432
0.24774031341075897	0.3659971356391907	0.8970345258712769	0.18481981754302979
