0	7	60
0.9739646315574646	-0.13404567539691925	0.18282431364059448	0.7706968784332275
0.14503005146980286	0.9882605671882629	-0.04803618788719177	0.15641623735427856
-0.1742388904094696	0.07330065965652466	0.9819714426994324	0.08829045295715332
0.0	0.0	0.0	1.0
0	8	60
-0.09842509031295776	-0.9322381019592285	-0.3482016921043396	0.8055400848388672
0.7871392965316772	0.14115282893180847	-0.6004059314727783	1.0667166709899902
0.6088710427284241	-0.3331782817840576	0.7199085354804993	0.9452093839645386
0.0	0.0	0.0	1.0
0	9	60
0.9584567546844482	0.040054239332675934	0.2824114263057709	1.1643859148025513
-0.03141161799430847	0.9988912343978882	-0.03506651520729065	-0.1333979368209839
-0.28350284695625305	0.024738669395446777	0.9586522579193115	0.02423238754272461
0.0	0.0	0.0	1.0
0	16	60
0.6659624576568604	-0.5121874213218689	0.5423635840415955	-0.0102308988571167
0.4395369291305542	0.8568496704101562	0.26947343349456787	-0.5750086307525635
-0.6027448177337646	0.058929622173309326	0.7957549095153809	0.9618439674377441
0.0	0.0	0.0	1.0
0	17	60
0.3822539746761322	-0.4614400863647461	0.8005965948104858	-0.021210193634033203
0.447497695684433	0.8504610061645508	0.27651771903038025	-0.5828763246536255
-0.8084723949432373	0.2525654733181	0.5315854549407959	0.8628034591674805
0.0	0.0	0.0	1.0
0	18	60
0.6027355194091797	-0.4193587601184845	0.6788581609725952	-0.010194599628448486
0.44112372398376465	0.8840546607971191	0.1544581949710846	-0.4746502637863159
-0.6649211645126343	0.20636293292045593	0.7178402543067932	0.647390604019165
0.0	0.0	0.0	1.0
0	20	60
0.8504445552825928	-0.2878146171569824	0.4403492212295532	0.25176194310188293
0.25736021995544434	0.9576791524887085	0.12890562415122986	-0.19131150841712952
-0.45881402492523193	0.0037012696266174316	0.8885247707366943	-0.4190027713775635
0.0	0.0	0.0	1.0
0	25	60
0.7985739707946777	-0.4750884473323822	-0.369554728269577	1.8795603513717651
0.5286404490470886	0.8471745252609253	0.05324193835258484	0.29513025283813477
0.2877827286720276	-0.23787924647331238	0.9276822805404663	0.1314845085144043
0.0	0.0	0.0	1.0
0	30	60
-0.19349783658981323	-0.8263800144195557	-0.5288240909576416	1.020443320274353
-0.6321763396263123	0.5172151327133179	-0.5769243240356445	0.27809926867485046
0.7502744793891907	0.22267644107341766	-0.6224977374076843	3.8203954696655273
0.0	0.0	0.0	1.0
0	31	60
-0.2741575241088867	0.5005788803100586	-0.8211324214935303	0.03155386447906494
-0.4748607277870178	0.6720297336578369	0.568228006362915	-1.2575196027755737
0.836268424987793	0.545707643032074	0.05346331000328064	1.9164983034133911
0.0	0.0	0.0	1.0
0	32	60
-0.692543625831604	0.5418438911437988	-0.4762231707572937	0.01559409499168396
-0.3795074224472046	0.2877546548843384	0.8793014883995056	-1.3300429582595825
0.6134796738624573	0.7896848917007446	0.006351068615913391	1.8303803205490112
0.0	0.0	0.0	1.0
0	33	60
-0.9037389755249023	0.30362439155578613	-0.30177491903305054	0.16340279579162598
-0.27430227398872375	0.1304836869239807	0.9527496695518494	-1.2611899375915527
0.32865506410598755	0.9438143968582153	-0.03463868796825409	1.7211445569992065
0.0	0.0	0.0	1.0
0	34	60
-0.9807590842247009	-0.14375066757202148	0.1320871114730835	0.2366594672203064
0.10299696028232574	0.19375598430633545	0.975628137588501	-1.2060209512710571
-0.16583965718746185	0.9704607725143433	-0.17522189021110535	1.6634268760681152
0.0	0.0	0.0	1.0
0	36	60
0.1864805370569229	-0.6915775537490845	0.6978152394294739	0.18322771787643433
0.5982921719551086	0.6433212757110596	0.4776863157749176	-1.2205082178115845
-0.7792766094207764	0.3284180462360382	0.5337321758270264	1.517643928527832
0.0	0.0	0.0	1.0
0	37	60
0.3819733262062073	-0.6702021360397339	0.6363375782966614	-0.23485210537910461
0.5106101632118225	0.7269571423530579	0.45914119482040405	-1.088972568511963
-0.7703075408935547	0.14954061806201935	0.6198902130126953	1.1653201580047607
0.0	0.0	0.0	1.0
0	38	60
0.6460019946098328	-0.6113237738609314	0.4571268856525421	-0.40420258045196533
0.4276818633079529	0.7858970165252686	0.44660282135009766	-0.8624617457389832
-0.6322734355926514	-0.09300145506858826	0.7691431045532227	0.7072454690933228
0.0	0.0	0.0	1.0
0	41	60
0.9005452394485474	-0.24893803894519806	-0.35643815994262695	-0.029267847537994385
0.08764883875846863	0.9069659113883972	-0.411983460187912	-0.20735353231430054
0.4258356988430023	0.33976835012435913	0.8385830521583557	0.07553315162658691
0.0	0.0	0.0	1.0
0	42	60
0.966050386428833	-0.23434767127037048	0.10875571519136429	-0.77308589220047
0.25751209259033203	0.8394797444343567	-0.4784995913505554	-0.17582976818084717
0.0208369642496109	0.4902603328227997	0.8713271021842957	0.4960601329803467
0.0	0.0	0.0	1.0
0	43	60
0.697088360786438	-0.6600870490074158	0.27991652488708496	-0.4185940623283386
0.5151550769805908	0.7326503992080688	0.4447912573814392	-2.1716387271881104
-0.49868202209472656	-0.16585856676101685	0.8507689237594604	1.5954577922821045
0.0	0.0	0.0	1.0
0	44	60
0.9628586173057556	-0.2135646939277649	0.16520725190639496	-0.254267156124115
-0.25409165024757385	-0.509736955165863	0.8219525814056396	-2.078770160675049
-0.09132784605026245	-0.8334017395973206	-0.5450693368911743	3.644176959991455
0.0	0.0	0.0	1.0
0	45	60
0.9582207202911377	-0.1388615369796753	0.250060111284256	-0.6063843369483948
0.19668686389923096	0.9546346664428711	-0.22357559204101562	-0.991980791091919
-0.20767004787921906	0.26341867446899414	0.9420633316040039	1.5031856298446655
0.0	0.0	0.0	1.0
0	46	60
0.8835194706916809	-0.21676187217235565	0.4152197241783142	-0.4457095265388489
0.31098344922065735	0.9343617558479309	-0.17394644021987915	-0.9869886636734009
-0.3502604365348816	0.28281164169311523	0.8929363489151001	1.60381281375885
0.0	0.0	0.0	1.0
0	47	60
0.7461534142494202	-0.39525240659713745	0.5357525944709778	-0.17096567153930664
0.43867790699005127	0.8971990346908569	0.05095440149307251	-1.2354629039764404
-0.5008164644241333	0.19700241088867188	0.8428364396095276	1.7104114294052124
0.0	0.0	0.0	1.0
0	48	60
0.5651835799217224	-0.541589617729187	0.6222929358482361	-0.006362020969390869
0.5211888551712036	0.819133996963501	0.23954465985298157	-1.336864709854126
-0.6394761800765991	0.18894541263580322	0.7452315092086792	1.8266278505325317
0.0	0.0	0.0	1.0
0	49	60
0.5848267078399658	-0.5901132822036743	0.5565471053123474	0.33613449335098267
0.4928920865058899	0.8034453988075256	0.33396539092063904	-1.335747480392456
-0.6442326307296753	0.07900559902191162	0.7607383131980896	1.8009240627288818
0.0	0.0	0.0	1.0
0	50	60
0.6124916076660156	-0.5053169131278992	0.6078724265098572	0.20523518323898315
0.4222646951675415	0.8592363595962524	0.2887994945049286	-1.1767385005950928
-0.6682415008544922	0.07979589700698853	0.7396524548530579	1.945380687713623
0.0	0.0	0.0	1.0
0	51	60
0.7524053454399109	-0.4631957709789276	0.46833303570747375	0.09069168567657471
0.385265588760376	0.8861561417579651	0.25748327374458313	-1.1435811519622803
-0.5342813730239868	-0.013299167156219482	0.8452020883560181	2.045940399169922
0.0	0.0	0.0	1.0
0	52	60
0.7713127136230469	-0.42635250091552734	0.4725465774536133	0.14232730865478516
0.3257320821285248	0.9022966027259827	0.2824171781539917	-1.1257809400558472
-0.5467864274978638	-0.0639083981513977	0.8348293900489807	1.9776160717010498
0.0	0.0	0.0	1.0
0	53	60
-0.4106707274913788	-0.7656393051147461	0.4951223134994507	0.25435078144073486
0.3232434391975403	0.3855017125606537	0.8642351627349854	-1.7018420696258545
-0.852562665939331	0.5149612426757812	0.08917346596717834	2.5062010288238525
0.0	0.0	0.0	1.0
0	59	60
0.9034135341644287	0.1974821537733078	-0.3805846869945526	0.3564063608646393
-0.2959887385368347	0.929433286190033	-0.22032874822616577	0.44722825288772583
0.3102169632911682	0.31169670820236206	0.8981149196624756	0.3608541488647461
0.0	0.0	0.0	1.0
1	6	60
0.9363094568252563	-0.20384562015533447	0.2859586775302887	0.5251164436340332
0.2322160005569458	0.9702342748641968	-0.06870931386947632	0.07574939727783203
-0.2634407579898834	0.13073739409446716	0.9557754993438721	0.16489481925964355
0.0	0.0	0.0	1.0
1	7	60
0.9425770044326782	-0.18936815857887268	0.27511534094810486	0.7278233766555786
0.20909124612808228	0.9769085645675659	-0.04394236207008362	0.2284206748008728
-0.2604411840438843	0.0989430844783783	0.9604065418243408	-0.0632638931274414
0.0	0.0	0.0	1.0
1	9	60
0.9602277278900146	-0.0789552852511406	0.267822802066803	1.3709828853607178
0.09240394830703735	0.9949977397918701	-0.037967294454574585	0.07238855957984924
-0.26348528265953064	0.06120491027832031	0.9627199769020081	-0.10065126419067383
0.0	0.0	0.0	1.0
1	18	60
0.5521759390830994	-0.4887993037700653	0.6754085421562195	0.1860131025314331
0.5045982599258423	0.8408175110816956	0.19597622752189636	-0.4360629618167877
-0.6636884808540344	0.2325965017080307	0.7109266519546509	0.5117383003234863
0.0	0.0	0.0	1.0
1	19	60
0.7761926054954529	-0.41010692715644836	0.47889184951782227	0.2645454704761505
0.45690685510635376	0.8892672061920166	0.020979255437850952	-0.11736536026000977
-0.4344664216041565	0.20252510905265808	0.8776231408119202	0.15833580493927002
0.0	0.0	0.0	1.0
1	20	60
0.8012979030609131	-0.30013206601142883	0.5175351500511169	0.21801120042800903
0.2619062662124634	0.9537412524223328	0.1475907266139984	-0.18140190839767456
-0.5378912687301636	0.017281726002693176	0.8428372144699097	-0.5256655216217041
0.0	0.0	0.0	1.0
1	25	60
0.9531534910202026	-0.10872258991003036	-0.2822723090648651	2.481863498687744
0.1455242931842804	0.9829018115997314	0.11281110346317291	-0.10987246036529541
0.26518088579177856	-0.14860400557518005	0.9526782035827637	-0.045374393463134766
0.0	0.0	0.0	1.0
1	30	60
0.03758494555950165	0.3678620159626007	-0.9291204810142517	0.7087901830673218
-0.40744948387145996	0.8546201586723328	0.3218832015991211	-1.3471204042434692
0.9124537706375122	0.36647170782089233	0.18200621008872986	1.848116159439087
0.0	0.0	0.0	1.0
1	33	60
-0.8957555890083313	0.32168084383010864	-0.30682799220085144	0.31246277689933777
-0.28912287950515747	0.10272479057312012	0.9517644643783569	-1.2353190183639526
0.33768314123153687	0.9412593841552734	0.0009890198707580566	1.555929183959961
0.0	0.0	0.0	1.0
1	36	60
0.1330413818359375	-0.7061744332313538	0.6954259872436523	0.4196940064430237
0.6155716776847839	0.608795166015625	0.5004401206970215	-1.1722356081008911
-0.7767701148986816	0.36150527000427246	0.5156959295272827	1.375866174697876
0.0	0.0	0.0	1.0
1	37	60
0.3222172260284424	-0.7132134437561035	0.6224972605705261	-0.007389575242996216
0.5471802353858948	0.6769115924835205	0.49232569336891174	-1.076289176940918
-0.7725092172622681	0.18198204040527344	0.6083687543869019	1.0307508707046509
0.0	0.0	0.0	1.0
1	38	60
0.5953081846237183	-0.6606283187866211	0.45735952258110046	-0.204178586602211
0.47440531849861145	0.7483940124511719	0.4635148048400879	-0.8480381965637207
-0.6484962105751038	-0.05896051228046417	0.7589309215545654	0.5908404588699341
0.0	0.0	0.0	1.0
1	39	60
0.659164309501648	-0.5439701080322266	0.5192292928695679	-0.13897031545639038
0.38709884881973267	0.837405800819397	0.3858835697174072	-0.6262567043304443
-0.6447147130966187	-0.05336746573448181	0.7625582218170166	0.2444751262664795
0.0	0.0	0.0	1.0
1	41	60
0.9700982570648193	-0.12669754028320312	-0.2070189267396927	-0.346159964799881
0.029164254665374756	0.9076096415519714	-0.4188007116317749	-0.17755579948425293
0.24095351994037628	0.40024012327194214	0.8841659426689148	-0.0994865894317627
0.0	0.0	0.0	1.0
1	42	60
0.9758752584457397	-0.1845463514328003	-0.11666357517242432	-0.30197224020957947
0.12497884035110474	0.910322904586792	-0.3945789635181427	-0.4184334874153137
0.17901957035064697	0.3704792857170105	0.9114259481430054	0.34137535095214844
0.0	0.0	0.0	1.0
1	43	60
-0.7993690371513367	-0.5423773527145386	-0.25852638483047485	1.0983006954193115
0.5957698822021484	-0.6597177386283875	-0.45807307958602905	-0.050266146659851074
0.07789403200149536	-0.5201916694641113	0.8504899144172668	1.3977367877960205
0.0	0.0	0.0	1.0
1	44	60
-0.6806564927101135	-0.2160058319568634	-0.7000344395637512	1.1824207305908203
-0.12720715999603271	-0.9061824083328247	0.40330153703689575	-1.2711775302886963
-0.721474289894104	0.3635592758655548	0.5893214344978333	1.689044713973999
0.0	0.0	0.0	1.0
1	45	60
0.9592313170433044	-0.1424647867679596	0.24408937990665436	-0.34669506549835205
0.19154782593250275	0.9627523422241211	-0.1908332109451294	-1.001708745956421
-0.20781061053276062	0.22980806231498718	0.9507907629013062	1.3373178243637085
0.0	0.0	0.0	1.0
1	46	60
0.8677895069122314	-0.211935892701149	0.4494720697402954	-0.22535473108291626
0.3245757520198822	0.9266366362571716	-0.18972432613372803	-0.9629278779029846
-0.37628793716430664	0.31052809953689575	0.8729146718978882	1.4780395030975342
0.0	0.0	0.0	1.0
1	59	60
0.9855940341949463	0.020416393876075745	-0.16789183020591736	0.17052432894706726
-0.01705324649810791	0.999624490737915	0.021449223160743713	0.13858357071876526
0.1682666838169098	-0.01827716827392578	0.9855722188949585	0.07683968544006348
0.0	0.0	0.0	1.0
2	5	60
0.8217585682868958	-0.24245961010456085	0.5156805515289307	0.40661799907684326
0.33598122000694275	0.9370850920677185	-0.09480717033147812	-0.0034530162811279297
-0.4602496325969696	0.2511674463748932	0.8515193462371826	-0.16920757293701172
0.0	0.0	0.0	1.0
2	10	60
0.9497284293174744	-0.1176082044839859	0.2901451587677002	0.8597872853279114
0.147822305560112	0.9854027032852173	-0.08443900942802429	0.1406627893447876
-0.2759791612625122	0.12308411300182343	0.9532502889633179	-0.4750697612762451
0.0	0.0	0.0	1.0
2	15	60
-0.1582736372947693	-0.42375612258911133	0.8918406963348389	-1.3110339641571045
0.5377403497695923	0.7205361127853394	0.43779316544532776	-0.7292114496231079
-0.8281209468841553	0.5488699674606323	0.1138288825750351	1.4735932350158691
0.0	0.0	0.0	1.0
2	26	60
-0.8085964918136597	-0.3972245156764984	-0.4340326189994812	0.9702401161193848
0.33411210775375366	0.2972066104412079	-0.8944479823112488	2.2816684246063232
0.48429423570632935	-0.8682631254196167	-0.10760271549224854	2.2748398780822754
0.0	0.0	0.0	1.0
2	32	60
-0.449497789144516	0.6823625564575195	-0.5764833688735962	0.9578086137771606
-0.4461320638656616	0.3876190781593323	0.8066704869270325	-1.1567739248275757
0.7738978862762451	0.6197842359542847	0.13018977642059326	1.3863803148269653
0.0	0.0	0.0	1.0
2	44	60
0.9329003691673279	-0.16842219233512878	0.3183252215385437	0.027345776557922363
0.2682238221168518	0.9147711992263794	-0.30207544565200806	-0.7160829901695251
-0.24031846225261688	0.3671887218952179	0.8985651135444641	0.8148407936096191
0.0	0.0	0.0	1.0
2	45	60
0.8687160611152649	-0.1698317676782608	0.46528375148773193	0.17007330060005188
0.30628064274787903	0.9224406480789185	-0.23514926433563232	-0.8224326372146606
-0.3892609477043152	0.3467855751514435	0.8533554077148438	1.0454983711242676
0.0	0.0	0.0	1.0
3	6	60
0.8124272227287292	-0.2128659188747406	0.5428164601325989	0.5230028033256531
0.21832163631916046	0.9743078947067261	0.05531620979309082	0.5478651523590088
-0.5406453609466553	0.07356813549995422	0.8380276560783386	-0.5563628673553467
0.0	0.0	0.0	1.0
3	7	60
-0.408340722322464	-0.0034440159797668457	-0.9128232002258301	2.0017268657684326
0.8624318838119507	-0.3291309177875519	-0.38455718755722046	1.0274713039398193
-0.29911404848098755	-0.9442780017852783	0.13736790418624878	0.686539351940155
0.0	0.0	0.0	1.0
3	15	60
0.6756108999252319	-0.5076441764831543	0.5346466302871704	0.3588029146194458
0.39877253770828247	0.8615659475326538	0.3141404986381531	-0.03223136067390442
-0.6201049089431763	0.0009657908231019974	0.7845180034637451	0.3309459686279297
0.0	0.0	0.0	1.0
3	19	60
0.6378282904624939	-0.3449850082397461	0.6885929703712463	0.29848140478134155
0.3756074607372284	0.9198716282844543	0.1129385232925415	0.34996962547302246
-0.6723793745040894	0.18660515546798706	0.7162992358207703	-0.46007978916168213
0.0	0.0	0.0	1.0
3	25	60
0.9693013429641724	-0.216904878616333	0.11578831076622009	1.2246628999710083
0.19940081238746643	0.9689888954162598	0.14594526588916779	0.15238486230373383
-0.1438538283109665	-0.11837661266326904	0.9824932813644409	-0.5275558233261108
0.0	0.0	0.0	1.0
3	31	60
0.09106305241584778	0.5578136444091797	-0.8249555826187134	0.8591480255126953
-0.4260440468788147	0.7705802917480469	0.4740173816680908	-0.579102635383606
0.9001079797744751	0.3083019256591797	0.3078247010707855	1.1785709857940674
0.0	0.0	0.0	1.0
3	32	60
-0.3803303837776184	0.7177185416221619	-0.5832915306091309	0.848324716091156
-0.3893303871154785	0.44783341884613037	0.8049019575119019	-0.6364418864250183
0.8389104604721069	0.5332217216491699	0.10910505056381226	1.134577989578247
0.0	0.0	0.0	1.0
3	36	60
-0.0865141972899437	-0.6649117469787598	0.7418944835662842	0.8428058624267578
0.5529724955558777	0.58739173412323	0.5909247398376465	-0.5701388120651245
-0.8286955952644348	0.4613708555698395	0.3168601989746094	0.7533360719680786
0.0	0.0	0.0	1.0
3	37	60
0.042845986783504486	-0.6572631597518921	0.7524423599243164	0.2880937457084656
0.44738900661468506	0.68602454662323	0.5737713575363159	-0.5131969451904297
-0.8933125138282776	0.3120507001876831	0.3234456181526184	0.571825385093689
0.0	0.0	0.0	1.0
3	38	60
0.34156331419944763	-0.7117007970809937	0.6138538122177124	-0.04483377933502197
0.4211280345916748	0.6997920870780945	0.5770114660263062	-0.3645448684692383
-0.8402295708656311	0.06142522767186165	0.5387404561042786	0.15612220764160156
0.0	0.0	0.0	1.0
3	39	60
0.40825939178466797	-0.6216983199119568	0.6684423089027405	-0.047792792320251465
0.35170841217041016	0.7828400731086731	0.5132861733436584	-0.18732157349586487
-0.8423926830291748	0.02554262988269329	0.5382583141326904	-0.23175263404846191
0.0	0.0	0.0	1.0
3	46	60
0.687997579574585	-0.20444849133491516	0.6963187456130981	0.2596168518066406
0.33075883984565735	0.9423837661743164	-0.050109684467315674	-0.3771600127220154
-0.6459546685218811	0.2647891640663147	0.7159812450408936	1.0114755630493164
0.0	0.0	0.0	1.0
3	59	60
-0.38957464694976807	-0.539480447769165	0.7464531660079956	-0.08813977241516113
0.2349923700094223	0.7254350185394287	0.6469330787658691	-0.28996187448501587
-0.8905110955238342	0.42743954062461853	-0.1558373123407364	1.2348155975341797
0.0	0.0	0.0	1.0
4	8	60
-0.17570137977600098	-0.9338985681533813	-0.3113884925842285	0.7562466859817505
0.9168471097946167	-0.04004684090614319	-0.39722543954849243	1.2657397985458374
0.3584982454776764	-0.35528868436813354	0.8632783889770508	-0.005736589431762695
0.0	0.0	0.0	1.0
4	16	60
0.7697258591651917	-0.4794013500213623	0.42154085636138916	-0.03749227523803711
0.37917548418045044	0.8745702505111694	0.30224600434303284	-0.07577583193778992
-0.5135642290115356	-0.07280874252319336	0.8549566864967346	0.4612354040145874
0.0	0.0	0.0	1.0
4	17	60
0.536094069480896	-0.46227937936782837	0.7063291668891907	0.0018653273582458496
0.3793833553791046	0.8794037103652954	0.28760668635368347	-0.1026495173573494
-0.7541030645370483	0.11378520727157593	0.6468240022659302	0.3532627820968628
0.0	0.0	0.0	1.0
4	20	60
0.9245694875717163	-0.20465704798698425	0.32138320803642273	0.4251376986503601
0.15605126321315765	0.9729030728340149	0.17061054706573486	0.18947389721870422
-0.3475912809371948	-0.10758927464485168	0.9314530491828918	-0.8836977481842041
0.0	0.0	0.0	1.0
4	21	60
0.3750396966934204	-0.4464637339115143	0.8124133348464966	-1.0055265426635742
0.21439574658870697	0.8943955302238464	0.39254435896873474	-0.24423497915267944
-0.9018758535385132	0.026958178728818893	0.4311538636684418	0.046880245208740234
0.0	0.0	0.0	1.0
4	24	60
-0.510024905204773	-0.8497106432914734	-0.13366635143756866	0.43448421359062195
0.7960649132728577	-0.4074244499206543	-0.44753286242485046	1.8979206085205078
0.32581469416618347	-0.3346598446369171	0.8842214345932007	0.32133400440216064
0.0	0.0	0.0	1.0
4	28	60
0.05002698302268982	0.5206966400146484	-0.8522747159004211	1.2453049421310425
-0.354216992855072	0.8071218729019165	0.47231850028038025	-0.7045707702636719
0.9338240623474121	0.27826178073883057	0.22481724619865417	1.22235906124115
0.0	0.0	0.0	1.0
4	29	60
0.13095998764038086	0.475858211517334	-0.8697176575660706	0.7559998035430908
-0.3122500777244568	0.8524219989776611	0.4193771481513977	-0.7477207183837891
0.9409304857254028	0.21664752066135406	0.2602199614048004	1.3753962516784668
0.0	0.0	0.0	1.0
4	35	60
-0.46615397930145264	-0.5725980997085571	0.6744120121002197	-0.1473333239555359
0.5533373355865479	0.4060971736907959	0.7272570133209229	-0.7829003930091858
-0.6903030872344971	0.7121910452842712	0.12753607332706451	1.458903193473816
0.0	0.0	0.0	1.0
4	36	60
0.36162617802619934	-0.6316441893577576	0.6857492327690125	-0.04868578910827637
0.501814067363739	0.7517648339271545	0.4278222918510437	-0.650485098361969
-0.785753607749939	0.18940694630146027	0.5888260006904602	1.0916342735290527
0.0	0.0	0.0	1.0
4	40	60
0.9251341819763184	-0.008415460586547852	-0.3795467019081116	-0.22585833072662354
-0.10146939754486084	0.9579015970230103	-0.26856687664985657	0.4402334690093994
0.3658284544944763	0.28697267174720764	0.8853338360786438	-0.847449541091919
0.0	0.0	0.0	1.0
4	41	60
0.9025716781616211	-0.06922245025634766	-0.4249391257762909	-0.3119226396083832
-0.07250621914863586	0.9484549760818481	-0.30850619077682495	0.3198346495628357
0.42439115047454834	0.3092593848705292	0.8510293960571289	-0.5725686550140381
0.0	0.0	0.0	1.0
4	43	60
0.8934031128883362	-0.07445259392261505	-0.443043053150177	-0.4683508574962616
-0.05447229743003845	0.9609436988830566	-0.27132952213287354	-0.062734454870224
0.44594067335128784	0.2665404677391052	0.8544548153877258	0.28507041931152344
0.0	0.0	0.0	1.0
4	48	60
0.7902849912643433	-0.2453933209180832	0.5614549517631531	-0.33485138416290283
0.28073641657829285	0.9594796895980835	0.0242016464471817	-0.5106537938117981
-0.5446435809135437	0.13849470019340515	0.8271533250808716	1.3456143140792847
0.0	0.0	0.0	1.0
4	49	60
0.7426153421401978	-0.22820177674293518	0.6296396255493164	-0.14680975675582886
0.2591767907142639	0.9648270010948181	0.04400379955768585	-0.5167814493179321
-0.6175350546836853	0.13051006197929382	0.7756401300430298	1.4095256328582764
0.0	0.0	0.0	1.0
4	50	60
0.756344735622406	-0.25586777925491333	0.6020585894584656	-0.13768726587295532
0.21971000730991364	0.9662321209907532	0.13462330400943756	-0.4691961407661438
-0.6161738634109497	0.030456572771072388	0.7870211005210876	1.5402427911758423
0.0	0.0	0.0	1.0
4	51	60
0.8366895914077759	-0.435384064912796	0.3322528302669525	-0.13232934474945068
0.3499988913536072	0.8916775584220886	0.28707563877105713	-0.5723008513450623
-0.4212504029273987	-0.12390519678592682	0.8984407186508179	1.549350619316101
0.0	0.0	0.0	1.0
4	52	60
0.874906063079834	-0.21153771877288818	0.4356503486633301	-0.16238456964492798
0.1569962352514267	0.9748667478561401	0.1580721139907837	-0.4160922169685364
-0.4581393599510193	-0.06990271806716919	0.8861275315284729	1.5318140983581543
0.0	0.0	0.0	1.0
4	53	60
0.6932165026664734	-0.30073031783103943	0.6549901366233826	-0.16321521997451782
0.23775334656238556	0.9533345699310303	0.18608203530311584	-0.44795191287994385
-0.6803852915763855	0.026730984449386597	0.7323669791221619	1.456165075302124
0.0	0.0	0.0	1.0
4	54	60
0.021624207496643066	-0.38464346528053284	0.9228118062019348	-0.31454145908355713
0.26766449213027954	0.8915597200393677	0.3653450012207031	-0.5454188585281372
-0.9632692337036133	0.2391037940979004	0.12223458290100098	1.7525023221969604
0.0	0.0	0.0	1.0
4	58	60
0.10115599632263184	-0.7335065007209778	0.6721132397651672	-0.3220006823539734
0.4160648286342621	0.6448524594306946	0.6411356925964355	-0.2504167854785919
-0.9036911129951477	0.21478810906410217	0.370417058467865	0.8043230772018433
0.0	0.0	0.0	1.0
4	59	60
0.0801510140299797	-0.6080011129379272	0.789880096912384	-0.8325650095939636
0.2886953353881836	0.7726253271102905	0.5654247999191284	-0.25321152806282043
-0.9540603160858154	0.18271535634994507	0.23745352029800415	1.1070212125778198
0.0	0.0	0.0	1.0
5	13	60
0.9118446111679077	0.13879677653312683	-0.38636133074760437	-0.3087426722049713
-0.07738691568374634	0.9823551774024963	0.17026300728321075	-0.08744752407073975
0.403175950050354	-0.1253541111946106	0.9064962863922119	0.3172590732574463
0.0	0.0	0.0	1.0
5	14	60
0.9606039524078369	0.03532989323139191	-0.2756662964820862	-0.5584762096405029
0.017669081687927246	0.9821170568466187	0.18744072318077087	-0.11945732682943344
0.2773589789867401	-0.1849270462989807	0.9428011775016785	0.5274524688720703
0.0	0.0	0.0	1.0
5	21	60
0.7557610273361206	-0.27342748641967773	0.5950319170951843	-0.20886820554733276
0.12529978156089783	0.9522485733032227	0.27842891216278076	-0.22771260142326355
-0.6427484750747681	-0.13586831092834473	0.7539324760437012	-0.4301772117614746
0.0	0.0	0.0	1.0
5	24	60
0.9995107650756836	-0.0011240243911743164	0.03125813603401184	1.8670907020568848
-0.003279745578765869	0.9900791049003601	0.14047136902809143	-0.18829527497291565
-0.031105756759643555	-0.14050507545471191	0.9895911812782288	-0.06731104850769043
0.0	0.0	0.0	1.0
5	27	60
0.062468625605106354	0.4637526571750641	-0.8837597966194153	1.5793849229812622
-0.21683697402477264	0.8706442713737488	0.4415431618690491	-0.6839675903320312
0.9742069840431213	0.16404925286769867	0.15494678914546967	1.429642915725708
0.0	0.0	0.0	1.0
5	28	60
-0.019910071045160294	0.46561384201049805	-0.8847638368606567	0.9524728059768677
-0.18116936087608337	0.8686094880104065	0.46118929982185364	-0.7522740364074707
0.9832502603530884	0.16947457194328308	0.06706082075834274	1.6539584398269653
0.0	0.0	0.0	1.0
5	34	60
-0.8632729053497314	-0.2947060763835907	0.40976598858833313	-0.43432050943374634
0.3091275691986084	0.3330604135990143	0.8907923102378845	-0.7837388515472412
-0.3989987075328827	0.8956666588783264	-0.1964200735092163	1.3652925491333008
0.0	0.0	0.0	1.0
5	35	60
-0.1503755897283554	-0.6283754706382751	0.7632371187210083	-0.447449266910553
0.5836000442504883	0.5667300820350647	0.5815737843513489	-0.804935097694397
-0.7979961037635803	0.5328800678253174	0.2814975380897522	1.4241902828216553
0.0	0.0	0.0	1.0
5	40	60
0.08873212337493896	-0.827785849571228	-0.5539829730987549	1.830167293548584
-0.19612452387809753	0.530768871307373	-0.8245117664337158	2.3876149654388428
0.9765560030937195	0.18181000649929047	-0.11525300145149231	1.6758289337158203
0.0	0.0	0.0	1.0
5	41	60
0.713007926940918	0.017690956592559814	-0.7009329199790955	0.19852399826049805
-0.2000066637992859	0.9632786512374878	-0.17913979291915894	0.09690970182418823
0.6720245480537415	0.2679194509983063	0.6903637647628784	-0.24637532234191895
0.0	0.0	0.0	1.0
5	42	60
0.772036612033844	0.18534314632415771	-0.6079539060592651	0.055414438247680664
-0.3084318935871124	0.9456110000610352	-0.10339279472827911	-0.10793846845626831
0.5557246208190918	0.2673351466655731	0.7872116565704346	0.08829379081726074
0.0	0.0	0.0	1.0
5	43	60
0.8097226619720459	0.03832876682281494	-0.5855598449707031	-0.6508274078369141
-0.17847183346748352	0.9666794538497925	-0.1835186630487442	-0.107240229845047
0.5590143799781799	0.25310513377189636	0.7895826697349548	0.4330563545227051
0.0	0.0	0.0	1.0
5	44	60
0.891012966632843	-0.3142242431640625	-0.3276560306549072	-0.700341522693634
0.19320565462112427	0.9155884981155396	-0.3526599407196045	-0.03940737247467041
0.4108126759529114	0.25091981887817383	0.8765113353729248	0.7470700740814209
0.0	0.0	0.0	1.0
5	45	60
0.9927812218666077	0.04043259471654892	-0.11291820555925369	-0.9865998029708862
-0.05819392949342728	0.985605776309967	-0.15872754156589508	-0.3571513593196869
0.1048751100897789	0.16415263712406158	0.9808440208435059	0.9751816987991333
0.0	0.0	0.0	1.0
5	50	60
0.8121401071548462	-0.14092028141021729	0.5661891102790833	-0.5657597780227661
0.10321907699108124	0.9897899031639099	0.09829418361186981	-0.5641610622406006
-0.5742598176002502	-0.021387100219726562	0.8183936476707458	1.6984375715255737
0.0	0.0	0.0	1.0
5	51	60
0.8939679265022278	0.41214537620544434	-0.17594629526138306	-0.9862236380577087
-0.31568992137908936	0.8578558564186096	0.40549153089523315	-0.5638391971588135
0.31805798411369324	-0.30695194005966187	0.8970059156417847	1.5192404985427856
0.0	0.0	0.0	1.0
5	52	60
0.9200244545936584	-0.0699966698884964	0.3855587840080261	-0.5819542407989502
0.0019450932741165161	0.9847210645675659	0.1741306483745575	-0.518825888633728
-0.3918561637401581	-0.15945453941822052	0.9061033129692078	1.6800196170806885
0.0	0.0	0.0	1.0
5	53	60
0.7653859257698059	-0.18264533579349518	0.6171098947525024	-0.572926938533783
0.108393594622612	0.9817699193954468	0.15613527595996857	-0.5572611093521118
-0.6343775391578674	-0.052612900733947754	0.7712308764457703	1.6054208278656006
0.0	0.0	0.0	1.0
5	54	60
0.3980197310447693	-0.2837221324443817	0.8723999857902527	-0.560348391532898
0.22460442781448364	0.9521681070327759	0.20719164609909058	-0.5332214832305908
-0.8894564509391785	0.11347860097885132	0.4427071809768677	1.5521464347839355
0.0	0.0	0.0	1.0
5	55	60
0.15295305848121643	-0.4287375807762146	0.8903875350952148	-0.5321844816207886
0.28043341636657715	0.8827812671661377	0.3769013285636902	-0.36927133798599243
-0.9476091265678406	0.19204574823379517	0.2552565336227417	1.2796305418014526
0.0	0.0	0.0	1.0
5	57	60
-0.12829357385635376	-0.5837625861167908	0.8017244338989258	-0.6812676787376404
0.460241436958313	0.6810352802276611	0.5695335865020752	-0.35689327120780945
-0.8784751892089844	0.4420543313026428	0.1812993884086609	1.108126163482666
0.0	0.0	0.0	1.0
5	58	60
0.191189244389534	-0.5302117466926575	0.8260279297828674	-0.7945542335510254
0.2718646824359894	0.8372329473495483	0.4744792878627777	-0.2515532970428467
-0.9431524276733398	0.13385210931301117	0.3042159974575043	1.0221916437149048
0.0	0.0	0.0	1.0
5	59	60
-0.7197369337081909	0.6048070788383484	0.340862512588501	0.15576213598251343
-0.5599448680877686	-0.2154655158519745	-0.8000229001045227	1.6031765937805176
-0.4104151129722595	-0.7666701078414917	0.49373680353164673	0.5955750346183777
0.0	0.0	0.0	1.0
6	13	60
0.8984503149986267	0.09710472822189331	-0.4282025694847107	-0.5331537127494812
-0.06478817760944366	0.9938820600509644	0.08944761753082275	-0.23275578022003174
0.434268593788147	-0.052622050046920776	0.8992449045181274	0.3113863468170166
0.0	0.0	0.0	1.0
6	14	60
0.9585021734237671	-0.004691964015364647	-0.2850463390350342	-0.8520674705505371
0.046292126178741455	0.989156186580658	0.13938051462173462	-0.3287566900253296
0.28130125999450684	-0.14679190516471863	0.9483256340026855	0.49415504932403564
0.0	0.0	0.0	1.0
6	22	60
-0.9352251291275024	-0.12582986056804657	-0.33093971014022827	0.8010029792785645
0.28170475363731384	-0.8306612968444824	-0.48025476932525635	0.6009340286254883
-0.21446828544139862	-0.5423738360404968	0.8123020529747009	-0.42174220085144043
0.0	0.0	0.0	1.0
6	27	60
0.03747343271970749	0.40768617391586304	-0.9123528599739075	1.2644413709640503
-0.2485092133283615	0.8881141543388367	0.38664793968200684	-0.8143433928489685
0.9679044485092163	0.21223895251750946	0.13459447026252747	1.4001027345657349
0.0	0.0	0.0	1.0
6	34	60
-0.8664855360984802	-0.3301292061805725	0.37445685267448425	-0.7283024191856384
0.2620927393436432	0.3375622630119324	0.9040793776512146	-0.9975539445877075
-0.4248654246330261	0.8815138339996338	-0.2059684693813324	1.3361245393753052
0.0	0.0	0.0	1.0
6	42	60
0.7870995402336121	0.20772412419319153	0.580797016620636	-2.1422884464263916
-0.366813600063324	0.9146324396133423	0.16998592019081116	-0.7856178879737854
-0.4959057569503784	-0.34684017300605774	0.7961029410362244	1.0138949155807495
0.0	0.0	0.0	1.0
6	44	60
0.44818320870399475	-0.2503226399421692	0.8581786155700684	-1.6157306432724
-0.6861065626144409	0.519072413444519	0.5097271203994751	-1.2659505605697632
-0.5730531215667725	-0.8172529935836792	0.06089171767234802	2.5614607334136963
0.0	0.0	0.0	1.0
6	45	60
0.9922187924385071	0.06493707001209259	-0.10623136907815933	-1.3103437423706055
-0.08182739466428757	0.983180046081543	-0.16328352689743042	-0.6028105616569519
0.09384140372276306	0.1707056164741516	0.9808431267738342	0.9413183927536011
0.0	0.0	0.0	1.0
6	46	60
0.9733895063400269	-0.16939851641654968	0.15432611107826233	-1.2090284824371338
0.17753882706165314	0.9832804203033447	-0.04048699140548706	-0.8761140704154968
-0.14488738775253296	0.06680864095687866	0.9871900081634521	1.1251304149627686
0.0	0.0	0.0	1.0
6	47	60
0.9444144368171692	-0.1450059711933136	0.2950504422187805	-1.067436933517456
0.15845859050750732	0.9871188402175903	-0.022072404623031616	-0.8857516050338745
-0.28804922103881836	0.06759873032569885	0.9552267789840698	1.2752829790115356
0.0	0.0	0.0	1.0
6	48	60
0.8481391668319702	-0.15677304565906525	0.5060452222824097	-1.0566233396530151
0.18335333466529846	0.9830431342124939	-0.002755880355834961	-0.8313092589378357
-0.4970323443412781	0.09512263536453247	0.8625024557113647	1.4510681629180908
0.0	0.0	0.0	1.0
6	50	60
0.8007989525794983	-0.19132202863693237	0.5675534605979919	-0.8405271768569946
0.16555678844451904	0.9813952445983887	0.09723292291164398	-0.8098194003105164
-0.5755971670150757	0.016098469495773315	0.8175749778747559	1.654015064239502
0.0	0.0	0.0	1.0
6	51	60
0.9158310890197754	-0.2811364531517029	0.28673312067985535	-0.9257627725601196
0.24561786651611328	0.9570746421813965	0.15388527512550354	-0.8392227292060852
-0.31768763065338135	-0.07050633430480957	0.9455705285072327	1.6767722368240356
0.0	0.0	0.0	1.0
6	52	60
0.9248949289321899	-0.1471528708934784	0.35059309005737305	-0.8590090870857239
0.07889668643474579	0.9762784242630005	0.2016330063343048	-0.8129206299781799
-0.371947318315506	-0.15882858633995056	0.9145647287368774	1.6271625757217407
0.0	0.0	0.0	1.0
6	55	60
0.1377689242362976	-0.4806061089038849	0.8660471439361572	-0.8192139863967896
0.31815606355667114	0.8495205640792847	0.42082318663597107	-0.6106100678443909
-0.9379748702049255	0.21756164729595184	0.2699451744556427	1.2267731428146362
0.0	0.0	0.0	1.0
6	56	60
-0.01812397502362728	-0.5454214215278625	0.8379662036895752	-0.9439136981964111
0.37908267974853516	0.7717800140380859	0.5105407238006592	-0.5450226664543152
-0.9251854419708252	0.3269115388393402	0.1927720159292221	1.1477115154266357
0.0	0.0	0.0	1.0
6	57	60
-0.12418786436319351	-0.5763646960258484	0.8077009320259094	-1.02140212059021
0.33595365285873413	0.7415037155151367	0.5807817578315735	-0.5455002188682556
-0.9336552619934082	0.34347620606422424	0.10154598951339722	1.1500450372695923
0.0	0.0	0.0	1.0
6	58	60
0.18855704367160797	-0.5586578249931335	0.8076807856559753	-1.1089199781417847
0.3019045889377594	0.8155807852745056	0.4936409890651703	-0.466886967420578
-0.9345052242279053	0.15076296031475067	0.32244500517845154	0.970552921295166
0.0	0.0	0.0	1.0
7	12	60
0.9721672534942627	0.024366721510887146	-0.2330172061920166	-0.7386607527732849
-0.009037181735038757	0.9977366924285889	0.06663015484809875	-0.36428403854370117
0.23411351442337036	-0.06266987323760986	0.970187246799469	0.4817805290222168
0.0	0.0	0.0	1.0
7	13	60
0.5287076830863953	0.2607377767562866	-0.8077648878097534	0.7408404350280762
-0.24602457880973816	0.9578729271888733	0.14816035330295563	-0.48362991213798523
0.8123670220375061	0.12039642035961151	0.5705828070640564	1.261953592300415
0.0	0.0	0.0	1.0
7	14	60
0.9626495838165283	-0.07081299275159836	-0.2613253891468048	-1.171809196472168
0.09505535662174225	0.992145836353302	0.08130964636802673	-0.4545205533504486
0.2535150945186615	-0.10311302542686462	0.9618200659751892	0.6578723192214966
0.0	0.0	0.0	1.0
7	22	60
0.6978263258934021	-0.3499909043312073	0.624936044216156	0.05622631311416626
0.24511408805847168	0.9364990592002869	0.25077641010284424	-0.31245023012161255
-0.6730213761329651	-0.021817773580551147	0.739301323890686	-0.35837626457214355
0.0	0.0	0.0	1.0
7	23	60
0.14480796456336975	-0.9564527273178101	0.25343412160873413	-0.10413855314254761
0.9414511322975159	0.21200063824653625	0.2621546983718872	-0.0262489914894104
-0.3044669032096863	0.20063373446464539	0.9311531186103821	-0.19571375846862793
0.0	0.0	0.0	1.0
7	27	60
0.9602438807487488	0.2623957693576813	-0.09529132395982742	0.4752071499824524
-0.24259987473487854	0.9532429575920105	0.1802031695842743	-0.5343617796897888
0.1381203979253769	-0.14992165565490723	0.9790028929710388	-0.3968726396560669
0.0	0.0	0.0	1.0
7	34	60
-0.9207793474197388	-0.23155155777931213	0.3139260709285736	-1.0200152397155762
0.24445807933807373	0.2846101224422455	0.9269504547119141	-1.1811741590499878
-0.30398333072662354	0.930258572101593	-0.20545843243598938	1.5636180639266968
0.0	0.0	0.0	1.0
7	46	60
0.9133936762809753	-0.13127729296684265	0.3853289484977722	-1.7480491399765015
0.08749425411224365	0.9877614378929138	0.12912040948867798	-1.2417858839035034
-0.3975636959075928	-0.08422377705574036	0.913701057434082	1.5564751625061035
0.0	0.0	0.0	1.0
7	47	60
0.4465780258178711	0.38767123222351074	-0.806398868560791	0.1937185525894165
-0.5675221681594849	0.8194938898086548	0.07967685163021088	-0.6586392521858215
0.6917274594306946	0.4220673441886902	0.5859799385070801	1.2540796995162964
0.0	0.0	0.0	1.0
7	48	60
0.7969781160354614	-0.19750727713108063	0.5708038210868835	-1.2430707216262817
0.29704684019088745	0.951011061668396	-0.08568327128887177	-0.8971443772315979
-0.5259175300598145	0.23784318566322327	0.8166036605834961	1.5945786237716675
0.0	0.0	0.0	1.0
7	49	60
0.7662224769592285	-0.06624694913625717	0.6391515135765076	-1.2641966342926025
0.06964358687400818	0.9973738789558411	0.019886448979377747	-0.9818891286849976
-0.6387903094291687	0.029275357723236084	0.7688238024711609	1.761542558670044
0.0	0.0	0.0	1.0
7	50	60
0.7582663297653198	-0.6160059571266174	0.2134687304496765	-0.2959718704223633
0.46715813875198364	0.28499844670295715	-0.8369823098182678	1.0147050619125366
0.4547477066516876	0.7343791127204895	0.5038771033287048	0.6166307926177979
0.0	0.0	0.0	1.0
7	51	60
-0.6952879428863525	-0.5154416561126709	-0.50089430809021	0.1769566833972931
-0.217943012714386	0.8153018951416016	-0.5364553332328796	0.03231626749038696
0.6848914623260498	-0.2638242542743683	-0.6792058944702148	2.773292064666748
0.0	0.0	0.0	1.0
7	52	60
0.8946977853775024	-0.12319968640804291	0.4293460249900818	-1.1679712533950806
0.06888382136821747	0.9877681732177734	0.13989287614822388	-0.8906202912330627
-0.4413290023803711	-0.09558691084384918	0.8922399878501892	1.8119831085205078
0.0	0.0	0.0	1.0
7	56	60
-0.11673112213611603	-0.5330120325088501	0.8380165696144104	-1.298048496246338
0.35264983773231506	0.7665567994117737	0.5366829037666321	-0.6914970278739929
-0.9284458160400391	0.358174204826355	0.09848573803901672	1.4153399467468262
0.0	0.0	0.0	1.0
7	57	60
-0.1966189742088318	-0.5535156726837158	0.8092972040176392	-1.3810408115386963
0.3378351330757141	0.7366185188293457	0.5858843326568604	-0.6718785166740417
-0.9204394817352295	0.3886048495769501	0.04216393828392029	1.3736315965652466
0.0	0.0	0.0	1.0
8	10	60
0.9546947479248047	0.08790087699890137	-0.28430837392807007	-0.5242801308631897
-0.12716138362884521	0.9842642545700073	-0.12269240617752075	-0.31701576709747314
0.2690497636795044	0.15328717231750488	0.9508496522903442	0.018697023391723633
0.0	0.0	0.0	1.0
8	11	60
0.9124400615692139	-0.0728059709072113	-0.40268129110336304	-0.3071213364601135
0.02592473104596138	0.9923530220985413	-0.12067747116088867	-0.2543042302131653
0.4083878993988037	0.09967152774333954	0.9073503613471985	0.1720418930053711
0.0	0.0	0.0	1.0
8	15	60
-0.6497926712036133	0.17209772765636444	0.7403731346130371	-1.166973352432251
0.2092175930738449	0.9769030213356018	-0.043457359075546265	-0.2577091455459595
-0.7307518124580383	0.1266607642173767	-0.6707901954650879	3.6433348655700684
0.0	0.0	0.0	1.0
8	26	60
0.5676838755607605	0.2351883351802826	-0.7889368534088135	0.9122438430786133
-0.28898099064826965	0.9542704820632935	0.07653766870498657	-0.7550211548805237
0.7708598971366882	0.1845385730266571	0.6096888780593872	0.9295222759246826
0.0	0.0	0.0	1.0
8	34	60
-0.8380974531173706	-0.4271758496761322	0.3392833471298218	-1.5498631000518799
0.29751056432724	0.1633942723274231	0.9406324625015259	-1.3170229196548462
-0.45725250244140625	0.8892823457717896	-0.00985097885131836	1.068280577659607
0.0	0.0	0.0	1.0
