0	1	60
0.9978112578392029	0.05487962067127228	-0.03690461814403534	-0.12313293665647507
-0.054178521037101746	0.9983363151550293	0.019736826419830322	-0.04435364902019501
0.03792610019445419	-0.017694413661956787	0.9991241693496704	0.11895322799682617
0.0	0.0	0.0	1.0
0	2	60
0.9586226344108582	0.11120893061161041	-0.26206061244010925	-0.3782607316970825
-0.09346359968185425	0.9924619197845459	0.07927283644676208	-0.2190246880054474
0.26890090107917786	-0.05149960517883301	0.9617902040481567	0.34612298011779785
0.0	0.0	0.0	1.0
0	3	60
0.9303581714630127	0.10994463413953781	-0.3497796952724457	-0.28267884254455566
-0.13958585262298584	0.9883531332015991	-0.060611724853515625	-0.5140482783317566
0.3390418291091919	0.10521474480628967	0.9348693490028381	0.5995643138885498
0.0	0.0	0.0	1.0
0	4	60
0.9808343052864075	-0.08262484520673752	0.17645634710788727	-0.08175265789031982
0.09568145871162415	0.9931680560112	-0.06679975986480713	-0.4913746416568756
-0.16973155736923218	0.08240318298339844	0.9820390939712524	0.5131562948226929
0.0	0.0	0.0	1.0
0	5	60
0.9467500448226929	-0.21106058359146118	0.24314218759536743	0.12594911456108093
0.2422473132610321	0.9643933176994324	-0.10611999034881592	-0.2189207375049591
-0.21208685636520386	0.15936976671218872	0.9641680717468262	0.33098864555358887
0.0	0.0	0.0	1.0
0	6	60
0.9594148397445679	-0.13492487370967865	0.2476254552602768	0.4069606065750122
0.15586471557617188	0.9855095148086548	-0.06691238284111023	-0.0008257031440734863
-0.23500904440879822	0.10279276967048645	0.9665424823760986	0.3040585517883301
0.0	0.0	0.0	1.0
0	10	60
0.9995020627975464	-0.01830000802874565	-0.025700930505990982	0.7381770610809326
0.016476549208164215	0.9974493384361267	-0.06944993138313293	-0.16775763034820557
0.026906274259090424	0.06899166107177734	0.9972543716430664	0.19852614402770996
0.0	0.0	0.0	1.0
0	11	60
0.9721678495407104	-0.23001141846179962	0.04454576224088669	0.4804811179637909
0.23135347664356232	0.9724754095077515	-0.027703016996383667	-0.2233601212501526
-0.03694769740104675	0.03723767399787903	0.998623251914978	0.37763261795043945
0.0	0.0	0.0	1.0
0	12	60
0.985186755657196	-0.15556004643440247	-0.07216890156269073	0.1790623515844345
0.15447990596294403	0.9877862930297852	-0.020349472761154175	-0.3468749523162842
0.0744529515504837	0.008899271488189697	0.9971847534179688	0.6648197174072266
0.0	0.0	0.0	1.0
0	13	60
0.977403998374939	-0.1226532980799675	-0.17215430736541748	-0.11147266626358032
0.1180640459060669	0.9923280477523804	-0.03668808937072754	-0.39173904061317444
0.1753334403038025	0.01553383469581604	0.9843866229057312	0.6997178792953491
0.0	0.0	0.0	1.0
0	14	60
0.9757944345474243	-0.21221685409545898	-0.0528111569583416	-0.27744776010513306
0.21444180607795715	0.9758869409561157	0.04073938727378845	-0.5570659637451172
0.04289215803146362	-0.05107811093330383	0.997773289680481	0.9516922235488892
0.0	0.0	0.0	1.0
0	15	60
0.8793569803237915	-0.42608970403671265	0.21255351603031158	-0.05037641525268555
0.39090293645858765	0.9008786082267761	0.18871352076530457	-0.6238359212875366
-0.27189379930496216	-0.0828588604927063	0.9587534070014954	1.0330907106399536
0.0	0.0	0.0	1.0
0	19	60
0.819871723651886	-0.3673153519630432	0.43919193744659424	0.14532333612442017
0.405206561088562	0.9141889214515686	0.008147090673446655	-0.17071983218193054
-0.404496967792511	0.17128387093544006	0.8983562588691711	0.28351306915283203
0.0	0.0	0.0	1.0
0	26	60
0.7753123641014099	0.13565154373645782	-0.6168383955955505	2.4138340950012207
-0.1305813044309616	0.9899884462356567	0.05358320474624634	-0.3451375365257263
0.617931604385376	0.03900370001792908	0.7852638959884644	0.7408803701400757
0.0	0.0	0.0	1.0
0	27	60
0.2733381986618042	0.29946160316467285	-0.914116621017456	2.142934560775757
-0.24342867732048035	0.9409072399139404	0.23544830083847046	-0.6950036287307739
0.9306067228317261	0.1581653207540512	0.33008354902267456	1.437177062034607
0.0	0.0	0.0	1.0
0	28	60
0.17308476567268372	0.2994789183139801	-0.938271701335907	1.5851020812988281
-0.21441254019737244	0.9412593245506287	0.26087939739227295	-0.8996654748916626
0.961284875869751	0.15602341294288635	0.22712957859039307	1.7803263664245605
0.0	0.0	0.0	1.0
0	29	60
-0.5983827710151672	-0.7689032554626465	-0.22522401809692383	0.42062294483184814
0.5859289169311523	-0.22822684049606323	-0.7775601744651794	0.9859006404876709
0.546466588973999	-0.5972440242767334	0.5870897173881531	1.6086291074752808
0.0	0.0	0.0	1.0
0	31	60
-0.2741575241088867	0.5005788803100586	-0.8211324214935303	0.03155386447906494
-0.4748607277870178	0.6720297336578369	0.568228006362915	-1.2575196027755737
0.836268424987793	0.545707643032074	0.05346331000328064	1.9164983034133911
0.0	0.0	0.0	1.0
0	32	60
-0.692543625831604	0.5418438911437988	-0.4762231707572937	0.01559409499168396
-0.3795074224472046	0.2877546548843384	0.8793014883995056	-1.3300429582595825
0.6134796738624573	0.7896848917007446	0.006351068615913391	1.8303803205490112
0.0	0.0	0.0	1.0
0	37	60
0.3819733262062073	-0.6702021360397339	0.6363375782966614	-0.23485210537910461
0.5106101632118225	0.7269571423530579	0.45914119482040405	-1.088972568511963
-0.7703075408935547	0.14954061806201935	0.6198902130126953	1.1653201580047607
0.0	0.0	0.0	1.0
0	38	60
0.6460019946098328	-0.6113237738609314	0.4571268856525421	-0.40420258045196533
0.4276818633079529	0.7858970165252686	0.44660282135009766	-0.8624617457389832
-0.6322734355926514	-0.09300145506858826	0.7691431045532227	0.7072454690933228
0.0	0.0	0.0	1.0
0	39	60
0.703629732131958	-0.4849208891391754	0.5193816423416138	-0.3231026828289032
0.3296378254890442	0.8702895641326904	0.36597132682800293	-0.6521933674812317
-0.6294795870780945	-0.0863005518913269	0.772209644317627	0.3650907278060913
0.0	0.0	0.0	1.0
0	41	60
0.9005452394485474	-0.24893803894519806	-0.35643815994262695	-0.029267847537994385
0.08764883875846863	0.9069659113883972	-0.411983460187912	-0.20735353231430054
0.4258356988430023	0.33976835012435913	0.8385830521583557	0.07553315162658691
0.0	0.0	0.0	1.0
1	2	60
0.9704277515411377	0.05788084864616394	-0.23435074090957642	-0.21927759051322937
-0.051856957376003265	0.9981483221054077	0.031790316104888916	-0.16990132629871368
0.23575672507286072	-0.018697381019592285	0.9716322422027588	0.2347332239151001
0.0	0.0	0.0	1.0
1	3	60
0.9492803812026978	0.06551750749349594	-0.3075298070907593	-0.12405910342931747
-0.10388846695423126	0.9884769916534424	-0.11009249091148376	-0.45864924788475037
0.2967732548713684	0.1364574134349823	0.9451482892036438	0.47424280643463135
0.0	0.0	0.0	1.0
1	4	60
0.966486930847168	-0.15280580520629883	0.20628532767295837	0.09830053150653839
0.17054396867752075	0.9827866554260254	-0.07103264331817627	-0.4488174021244049
-0.19188018143177032	0.1038329005241394	0.9759103655815125	0.37630176544189453
0.0	0.0	0.0	1.0
1	5	60
0.9219148755073547	-0.2728610634803772	0.27499133348464966	0.2807745337486267
0.31282636523246765	0.9430646896362305	-0.11299917101860046	-0.1487717628479004
-0.22850148379802704	0.19020000100135803	0.9547833204269409	0.19556498527526855
0.0	0.0	0.0	1.0
1	10	60
0.997226893901825	-0.07092468440532684	0.022537097334861755	0.8547260761260986
0.07253973186016083	0.9940275549888611	-0.0815296471118927	-0.08025813102722168
-0.01662001758813858	0.08293846249580383	0.9964160323143005	0.036200523376464844
0.0	0.0	0.0	1.0
1	11	60
0.9570823907852173	-0.278171569108963	0.08132905513048172	0.6273913383483887
0.282196968793869	0.9583984613418579	-0.04287034273147583	-0.14530670642852783
-0.06602022051811218	0.06398150324821472	0.9957650303840637	0.23241424560546875
0.0	0.0	0.0	1.0
1	12	60
0.9757179021835327	-0.2165008783340454	-0.03318477421998978	0.3386152982711792
0.21480131149291992	0.9754622578620911	-0.04830154776573181	-0.2805471420288086
0.04282805323600769	0.04000100493431091	0.9982808828353882	0.5260343551635742
0.0	0.0	0.0	1.0
1	13	60
0.9734698534011841	-0.18369637429714203	-0.13642734289169312	0.05792819708585739
0.17764386534690857	0.9825347661972046	-0.05539080500602722	-0.3717917203903198
0.14421972632408142	0.0296858549118042	0.989100456237793	0.5626189708709717
0.0	0.0	0.0	1.0
1	14	60
0.9638257622718811	-0.2638797163963318	-0.03752072900533676	-0.06823159009218216
0.26442083716392517	0.9643537402153015	0.010185867547988892	-0.510617733001709
0.03349541127681732	-0.019738614559173584	0.999243974685669	0.8111259937286377
0.0	0.0	0.0	1.0
1	26	60
0.793913722038269	0.07869499921798706	-0.602916419506073	2.593555450439453
-0.10262519121170044	0.9947057366371155	-0.005302757024765015	-0.14918598532676697
0.5993072390556335	0.0660843551158905	0.7977868318557739	0.5587087869644165
0.0	0.0	0.0	1.0
1	27	60
0.31324154138565063	0.266062468290329	-0.9116416573524475	2.3447909355163574
-0.27897927165031433	0.9433779120445251	0.17946696281433105	-0.5690433382987976
0.9077721834182739	0.1981125771999359	0.36973124742507935	1.2167904376983643
0.0	0.0	0.0	1.0
1	28	60
0.2284822016954422	0.2828255891799927	-0.9315609335899353	1.8036366701126099
-0.29773205518722534	0.931326687335968	0.20973026752471924	-0.8365123271942139
0.926904559135437	0.229435533285141	0.29699769616127014	1.513974666595459
0.0	0.0	0.0	1.0
1	29	60
0.2728020250797272	0.2698606252670288	-0.9234468936920166	1.2962918281555176
-0.2766898274421692	0.9413083791732788	0.19334116578102112	-1.0508482456207275
0.9214237332344055	0.2027643322944641	0.33145856857299805	1.6802630424499512
0.0	0.0	0.0	1.0
1	31	60
0.6109926700592041	-0.31810998916625977	-0.724909782409668	1.4176019430160522
0.10624231398105621	0.940376877784729	-0.3231160044670105	-0.38600409030914307
0.7844749689102173	0.12040557712316513	0.6083601117134094	1.6424052715301514
0.0	0.0	0.0	1.0
1	32	60
-0.6169066429138184	0.5574327111244202	-0.55560302734375	0.33733806014060974
-0.4343915283679962	0.34751859307289124	0.8309838771820068	-1.300692081451416
0.6563003063201904	0.7539886832237244	0.02775733172893524	1.7344034910202026
0.0	0.0	0.0	1.0
1	40	60
0.9826739430427551	-0.08521440625190735	-0.16459430754184723	-0.32322269678115845
0.015980511903762817	0.923689603805542	-0.38280850648880005	-0.012294262647628784
0.1846548616886139	0.37354549765586853	0.9090471863746643	-0.377610445022583
0.0	0.0	0.0	1.0
1	41	60
0.9700982570648193	-0.12669754028320312	-0.2070189267396927	-0.346159964799881
0.029164254665374756	0.9076096415519714	-0.4188007116317749	-0.17755579948425293
0.24095351994037628	0.40024012327194214	0.8841659426689148	-0.0994865894317627
0.0	0.0	0.0	1.0
2	3	60
0.9975059032440186	0.017450839281082153	-0.06839299201965332	0.1590779721736908
-0.026771828532218933	0.9900931715965271	-0.13783814013004303	-0.31485283374786377
0.06530988216400146	0.13932526111602783	0.9880907535552979	0.1969282627105713
0.0	0.0	0.0	1.0
2	11	60
0.9062322378158569	-0.3119630217552185	0.28534483909606934	0.8692421317100525
0.34329885244369507	0.9369052648544312	-0.06598494946956635	0.10002398490905762
-0.24675634503364563	0.1577562838792801	0.9561506509780884	-0.1928081512451172
0.0	0.0	0.0	1.0
2	12	60
0.9441009759902954	-0.2704316973686218	0.18852081894874573	0.6301566362380981
0.28698045015335083	0.9556379318237305	-0.06632541120052338	-0.0811200737953186
-0.16222113370895386	0.11671924591064453	0.9798271656036377	0.15061187744140625
0.0	0.0	0.0	1.0
2	13	60
0.9671933650970459	-0.23654989898204803	0.09263503551483154	0.35914260149002075
0.2441718578338623	0.9662618637084961	-0.08195905387401581	-0.1978245973587036
-0.0701223611831665	0.10188935697078705	0.9923210144042969	0.23642468452453613
0.0	0.0	0.0	1.0
2	14	60
0.919486403465271	-0.33725985884666443	0.2019902765750885	0.27693045139312744
0.34364646673202515	0.9390919804573059	0.003661826252937317	-0.3735228180885315
-0.19092243909835815	0.06604620814323425	0.9793806672096252	0.5102092027664185
0.0	0.0	0.0	1.0
2	26	60
-0.8085964918136597	-0.3972245156764984	-0.4340326189994812	0.9702401161193848
0.33411210775375366	0.2972066104412079	-0.8944479823112488	2.2816684246063232
0.48429423570632935	-0.8682631254196167	-0.10760271549224854	2.2748398780822754
0.0	0.0	0.0	1.0
2	27	60
0.5514945983886719	0.2318459451198578	-0.8013123273849487	2.7310950756073
-0.2811148762702942	0.95606529712677	0.08314670622348785	-0.17797529697418213
0.7853843569755554	0.17940571904182434	0.5924400687217712	0.3079615831375122
0.0	0.0	0.0	1.0
2	28	60
0.4388953745365143	0.2584500312805176	-0.8605663776397705	2.3288800716400146
-0.2934834659099579	0.9464462995529175	0.13456307351589203	-0.545250415802002
0.8492576479911804	0.19350287318229675	0.49124157428741455	0.8052371740341187
0.0	0.0	0.0	1.0
2	29	60
0.4946928024291992	0.24020853638648987	-0.8352119326591492	1.8888417482376099
-0.28350988030433655	0.9530725479125977	0.106183722615242	-0.7867210507392883
0.8215237259864807	0.18426251411437988	0.5395798087120056	1.0327290296554565
0.0	0.0	0.0	1.0
2	30	60
0.33598148822784424	0.34396278858184814	-0.8768160939216614	1.4110822677612305
-0.37992462515830994	0.901329517364502	0.20799808204174042	-1.0519875288009644
0.8618437051773071	0.26324033737182617	0.4335094094276428	1.2850788831710815
0.0	0.0	0.0	1.0
2	31	60
0.018458843231201172	0.5817862749099731	-0.8131320476531982	0.9095051288604736
-0.5439441204071045	0.6882274150848389	0.48007041215896606	-1.0994259119033813
0.8389179706573486	0.4334370195865631	0.3291632831096649	1.3246710300445557
0.0	0.0	0.0	1.0
2	40	60
0.9945559501647949	-0.06653100252151489	0.08020195364952087	-0.2579936385154724
0.09476898610591888	0.8975244760513306	-0.4306600093841553	0.21628552675247192
-0.043330878019332886	0.4359162449836731	0.8989436626434326	-0.5512909889221191
0.0	0.0	0.0	1.0
2	41	60
0.9934554696083069	-0.10872739553451538	0.034994661808013916	-0.19906792044639587
0.1125887930393219	0.8805725574493408	-0.4603434205055237	0.008984982967376709
0.019236594438552856	0.4612705409526825	0.8870511054992676	-0.29569387435913086
0.0	0.0	0.0	1.0
2	42	60
0.9849624037742615	-0.10367661714553833	0.1382039487361908	-0.10473644733428955
0.1533927172422409	0.8928535580635071	-0.42341798543930054	-0.23905229568481445
-0.0794973373413086	0.4382506012916565	0.8953304290771484	0.13025712966918945
0.0	0.0	0.0	1.0
3	4	60
0.8459956645965576	-0.185200497508049	0.4999922513961792	0.16214829683303833
0.1772923767566681	0.9820889830589294	0.0637902319431305	0.020718585699796677
-0.5028508901596069	0.034678518772125244	0.8636776208877563	-0.1636645793914795
0.0	0.0	0.0	1.0
3	5	60
0.7805991768836975	-0.2675318419933319	0.5648821592330933	0.2510215640068054
0.3101397454738617	0.950446605682373	0.021562010049819946	0.31075555086135864
-0.542658805847168	0.1583610475063324	0.8248897790908813	-0.4063708782196045
0.0	0.0	0.0	1.0
3	10	60
0.9405525922775269	-0.11140775680541992	0.3208576440811157	0.7782130241394043
0.10676704347133636	0.9937664270401001	0.03208029270172119	0.4081495404243469
-0.3224315643310547	0.004083782434463501	0.9465840458869934	-0.7572096586227417
0.0	0.0	0.0	1.0
3	11	60
0.8689976930618286	-0.325437992811203	0.3727372884750366	0.6139906644821167
0.31722530722618103	0.9445251226425171	0.08509021997451782	0.3358285129070282
-0.3797515034675598	0.04429823160171509	0.9240274429321289	-0.4939202070236206
0.0	0.0	0.0	1.0
3	12	60
0.9217249155044556	-0.27991625666618347	0.26845797896385193	0.43534615635871887
0.2697579562664032	0.9600182771682739	0.07480528950691223	0.22824808955192566
-0.2786637246608734	0.003468811511993408	0.960382342338562	-0.11444425582885742
0.0	0.0	0.0	1.0
3	13	60
0.9542685151100159	-0.24805216491222382	0.16685758531093597	0.1866038739681244
0.24176836013793945	0.9686403870582581	0.05730283260345459	0.13198019564151764
-0.1758391559123993	-0.014341175556182861	0.9843144416809082	0.012787103652954102
0.0	0.0	0.0	1.0
3	14	60
0.8989498615264893	-0.35481908917427063	0.25689074397087097	0.16099536418914795
0.32807227969169617	0.9339321851730347	0.14191341400146484	-0.004410590976476669
-0.29027196764945984	-0.043294548988342285	0.9559643268585205	0.30755317211151123
0.0	0.0	0.0	1.0
3	26	60
0.9477354288101196	0.048171266913414	-0.3153996765613556	2.557025671005249
-0.016914580017328262	0.9947323799133301	0.10110043734312057	0.35926908254623413
0.3186083436012268	-0.09048131108283997	0.9435579776763916	-0.8155362606048584
0.0	0.0	0.0	1.0
3	27	60
0.6148919463157654	0.21560868620872498	-0.7585649490356445	2.5577101707458496
-0.14363908767700195	0.97642982006073	0.16109898686408997	0.1610681265592575
0.7754197716712952	0.009900659322738647	0.6313686370849609	-0.09785628318786621
0.0	0.0	0.0	1.0
3	28	60
0.5136641263961792	0.23972922563552856	-0.8238198757171631	2.1838066577911377
-0.1544787883758545	0.9703222513198853	0.18604129552841187	-0.10720551759004593
0.8439701795578003	0.03170008957386017	0.5354528427124023	0.45554375648498535
0.0	0.0	0.0	1.0
3	29	60
0.5651488900184631	0.20167475938796997	-0.7999589443206787	1.7866154909133911
-0.14328981935977936	0.9789180159568787	0.14556117355823517	-0.2806962728500366
0.8124500513076782	0.03236224502325058	0.5821321606636047	0.7612267732620239
0.0	0.0	0.0	1.0
3	30	60
0.40057119727134705	0.31049978733062744	-0.8620510697364807	1.3453938961029053
-0.24901726841926575	0.9423108100891113	0.22369708120822906	-0.5170468091964722
0.8817782402038574	0.12505891919136047	0.45478272438049316	1.0947151184082031
0.0	0.0	0.0	1.0
3	40	60
0.9852743148803711	-0.06955917924642563	0.15619295835494995	-0.49129045009613037
0.11314943432807922	0.9501233696937561	-0.29062479734420776	0.3833859860897064
-0.12818670272827148	0.30401840806007385	0.9440025687217712	-0.7910730838775635
0.0	0.0	0.0	1.0
3	41	60
0.9885226488113403	-0.10111367702484131	0.11224827170372009	-0.4129743278026581
0.13291364908218384	0.935276985168457	-0.3280113935470581	0.23766052722930908
-0.07181662321090698	0.3391653895378113	0.9379816055297852	-0.509143590927124
0.0	0.0	0.0	1.0
3	42	60
0.9747812747955322	-0.09349751472473145	0.20263411104679108	-0.25881141424179077
0.15014512836933136	0.946532666683197	-0.2855397164821625	0.0485251247882843
-0.16510236263275146	0.30876293778419495	0.9367002248764038	-0.06950497627258301
0.0	0.0	0.0	1.0
3	43	60
0.986217737197876	-0.11949332058429718	0.114436574280262	-0.10804963111877441
0.14836260676383972	0.9448400139808655	-0.2920030653476715	-0.11404469609260559
-0.0732317566871643	0.3049567937850952	0.9495462775230408	0.32512855529785156
0.0	0.0	0.0	1.0
3	44	60
0.9150902628898621	-0.13524341583251953	0.3798922598361969	-0.07573485374450684
0.21847011148929596	0.9581159353256226	-0.1851605474948883	-0.2832947373390198
-0.3389391601085663	0.25243404507637024	0.9063096046447754	0.6743736267089844
0.0	0.0	0.0	1.0
3	45	60
0.8432338237762451	-0.13702049851417542	0.5197904109954834	0.095517098903656
0.23698921501636505	0.9626820087432861	-0.13068750500679016	-0.35563820600509644
-0.4824860394001007	0.2333848774433136	0.8442384600639343	0.9008303880691528
0.0	0.0	0.0	1.0
4	5	60
0.9873122572898865	-0.14200127124786377	0.07106265425682068	0.24346372485160828
0.14527779817581177	0.9884445667266846	-0.04326099157333374	0.23832914233207703
-0.06409838795661926	0.0530359148979187	0.9965333938598633	-0.1579899787902832
0.0	0.0	0.0	1.0
4	6	60
0.9948285222053528	-0.07595692574977875	0.0674280971288681	0.5599092245101929
0.07685109972953796	0.9969847202301025	-0.010762035846710205	0.43708422780036926
-0.06640749424695969	0.01588815450668335	0.9976661801338196	-0.15072178840637207
0.0	0.0	0.0	1.0
4	7	60
0.9981969594955444	-0.05850730836391449	-0.013386577367782593	1.002910852432251
0.05870625376701355	0.9981626868247986	0.014987647533416748	0.5441156029701233
0.01248505711555481	-0.015746355056762695	0.9997978210449219	-0.2971932888031006
0.0	0.0	0.0	1.0
4	9	60
0.9901911020278931	0.10493983328342438	0.09224468469619751	1.3838446140289307
-0.10730352997779846	0.9940038919448853	0.021034255623817444	0.2370651662349701
-0.0894845724105835	-0.030726388096809387	0.9955142736434937	-0.2700662612915039
0.0	0.0	0.0	1.0
4	10	60
0.9785222411155701	0.07053918391466141	-0.19369648396968842	0.8761658668518066
-0.06852834671735764	0.9975030422210693	0.017070889472961426	0.22303929924964905
0.19441702961921692	-0.003430604934692383	0.9809128046035767	-0.19240593910217285
0.0	0.0	0.0	1.0
4	11	60
0.9841874837875366	-0.13002337515354156	-0.1202855184674263	0.5859652757644653
0.13661271333694458	0.9894499778747559	0.04822626709938049	0.20893751084804535
0.1127459928393364	-0.06389600038528442	0.9915671348571777	-0.05129671096801758
0.0	0.0	0.0	1.0
4	12	60
0.9691565036773682	-0.06387615203857422	-0.2380232959985733	0.24462485313415527
0.08105526864528656	0.9947108030319214	0.06308966875076294	0.14194968342781067
0.2327343225479126	-0.0804365873336792	0.9692081212997437	0.18694937229156494
0.0	0.0	0.0	1.0
4	13	60
0.9387445449829102	-0.022817961871623993	-0.3438583016395569	-0.04355928301811218
0.04425416886806488	0.9975259304046631	0.05462086200714111	0.12326882034540176
0.34176114201545715	-0.06649214029312134	0.937431812286377	0.17394042015075684
0.0	0.0	0.0	1.0
4	14	60
0.9677352905273438	-0.10749799758195877	-0.2278866171836853	-0.24983036518096924
0.1348721832036972	0.9849458932876587	0.10812792181968689	0.024095214903354645
0.21283240616321564	-0.13537496328353882	0.9676652550697327	0.3991585969924927
0.0	0.0	0.0	1.0
4	15	60
0.9480885863304138	-0.305228590965271	0.08923907577991486	-0.10347439348697662
0.27622514963150024	0.9294775724411011	0.24448078870773315	-0.08054828643798828
-0.15756835043430328	-0.20713943243026733	0.965538740158081	0.5335220098495483
0.0	0.0	0.0	1.0
4	18	60
0.7434519529342651	-0.35806402564048767	0.5648616552352905	0.025222361087799072
0.32768356800079346	0.9313012361526489	0.159062460064888	0.010453758761286736
-0.583011269569397	0.06684094667434692	0.8097097873687744	0.14022612571716309
0.0	0.0	0.0	1.0
4	19	60
0.9058241844177246	-0.30927690863609314	0.2895348072052002	0.25470441579818726
0.3088909983634949	0.9498724937438965	0.04825910925865173	0.2814929485321045
-0.28994661569595337	0.04572033882141113	0.955950140953064	-0.20566582679748535
0.0	0.0	0.0	1.0
4	20	60
0.9245694875717163	-0.20465704798698425	0.32138320803642273	0.4251376986503601
0.15605126321315765	0.9729030728340149	0.17061054706573486	0.18947389721870422
-0.3475912809371948	-0.10758927464485168	0.9314530491828918	-0.8836977481842041
0.0	0.0	0.0	1.0
4	25	60
0.8671408891677856	0.06712671369314194	-0.49351856112480164	2.5537991523742676
0.021891027688980103	0.9847815632820129	0.1724104881286621	0.13136506080627441
0.4975815713405609	-0.16030773520469666	0.8524752259254456	0.21193361282348633
0.0	0.0	0.0	1.0
4	26	60
0.6421647071838379	0.23773369193077087	-0.7287713289260864	2.409588098526001
-0.15644603967666626	0.9713298082351685	0.17900505661964417	-0.08561913669109344
0.7504327893257141	-0.0009373128414154053	0.6609460115432739	0.6495070457458496
0.0	0.0	0.0	1.0
4	27	60
0.14834360778331757	0.3255741000175476	-0.9338070750236511	2.027233123779297
-0.20754292607307434	0.9334753751754761	0.2924883961677551	-0.2531452476978302
0.9669124484062195	0.15041619539260864	0.20604605972766876	1.1804231405258179
0.0	0.0	0.0	1.0
4	37	60
0.5500256419181824	-0.6076750755310059	0.5728898644447327	-0.3560519218444824
0.40814414620399475	0.7940638065338135	0.45042309165000916	-0.5295642018318176
-0.7286218404769897	-0.013922691345214844	0.6847747564315796	0.6525874137878418
0.0	0.0	0.0	1.0
4	38	60
0.793960452079773	-0.5017289519309998	0.3433589041233063	-0.39307501912117004
0.3173482120037079	0.8237298727035522	0.469850093126297	-0.3300624489784241
-0.5185723900794983	-0.2640780806541443	0.8132314682006836	0.13600850105285645
0.0	0.0	0.0	1.0
4	39	60
0.8200616836547852	-0.3865075707435608	0.4220315217971802	-0.26775383949279785
0.22203470766544342	0.8945837020874023	0.38784074783325195	-0.1572541892528534
-0.5274457335472107	-0.22434765100479126	0.8194320201873779	-0.19159770011901855
0.0	0.0	0.0	1.0
4	41	60
0.9025716781616211	-0.06922245025634766	-0.4249391257762909	-0.3119226396083832
-0.07250621914863586	0.9484549760818481	-0.30850619077682495	0.3198346495628357
0.42439115047454834	0.3092593848705292	0.8510293960571289	-0.5725686550140381
0.0	0.0	0.0	1.0
5	6	60
0.9972639679908752	0.07366239279508591	0.006153441499918699	0.3491753339767456
-0.07383285462856293	0.9966614246368408	0.034852564334869385	0.15426430106163025
-0.003565702587366104	-0.03521150350570679	0.9993734359741211	0.0195009708404541
0.0	0.0	0.0	1.0
5	7	60
0.9947684407234192	0.07503420114517212	-0.06932199001312256	0.803352415561676
-0.06982757896184921	0.994758129119873	0.07470253109931946	0.18631614744663239
0.07456377148628235	-0.06947121024131775	0.9947934150695801	-0.10008883476257324
0.0	0.0	0.0	1.0
5	8	60
0.9928402304649353	0.10641307383775711	0.05426493287086487	1.152093529701233
-0.11486169695854187	0.9752051830291748	0.1891600489616394	0.14664071798324585
-0.032790407538414	-0.1940387785434723	0.9804456830024719	-0.0815122127532959
0.0	0.0	0.0	1.0
5	9	60
0.9658000469207764	0.25504282116889954	0.046723440289497375	1.0901728868484497
-0.2574095129966736	0.9647581577301025	0.054607391357421875	-0.16211619973182678
-0.031149551272392273	-0.06476688385009766	0.9974139928817749	-0.04046010971069336
0.0	0.0	0.0	1.0
5	10	60
0.9464080333709717	0.20384493470191956	-0.25051766633987427	0.6222701668739319
-0.1859177201986313	0.9781049489974976	0.09351727366447449	-0.09980277717113495
0.2640955150127411	-0.04192990064620972	0.9635845422744751	0.011420726776123047
0.0	0.0	0.0	1.0
5	11	60
0.983649730682373	0.010691888630390167	-0.17977449297904968	0.34181058406829834
0.010050954297184944	0.9934208989143372	0.11407724022865295	-0.06744267046451569
0.1798115074634552	-0.11401891708374023	0.977070689201355	0.13718438148498535
0.0	0.0	0.0	1.0
5	12	60
0.9555119276046753	0.08843661844730377	-0.2813817858695984	-0.049682557582855225
-0.04650604724884033	0.9872309565544128	0.15235599875450134	-0.08775041252374649
0.291262686252594	-0.1324922740459442	0.9474239945411682	0.3440375328063965
0.0	0.0	0.0	1.0
5	15	60
0.984244167804718	-0.16559475660324097	0.06197991594672203	-0.42679888010025024
0.14139898121356964	0.9476226568222046	0.2863863408565521	-0.2368997037410736
-0.10615761578083038	-0.27310988306999207	0.9561072587966919	0.6781580448150635
0.0	0.0	0.0	1.0
5	16	60
0.8473557233810425	-0.33748626708984375	0.4099893569946289	-0.360184907913208
0.2325524091720581	0.929935097694397	0.2848506271839142	-0.22718246281147003
-0.47739654779434204	-0.14602574706077576	0.8664690852165222	0.6068341732025146
0.0	0.0	0.0	1.0
5	17	60
0.6348153352737427	-0.3228000998497009	0.7020040154457092	-0.3214072585105896
0.251100093126297	0.9454230666160583	0.2076636254787445	-0.25564050674438477
-0.730724573135376	0.044445157051086426	0.6812239289283752	0.5029615163803101
0.0	0.0	0.0	1.0
5	18	60
0.815375804901123	-0.2249319702386856	0.5334492921829224	-0.27320897579193115
0.19003461301326752	0.9743689894676208	0.12038102746009827	-0.17037557065486908
-0.5468540787696838	0.003218352794647217	0.8372217416763306	0.29430389404296875
0.0	0.0	0.0	1.0
5	19	60
0.9569019675254822	-0.17123812437057495	0.23455576598644257	0.018411189317703247
0.16160215437412262	0.9850391149520874	0.0598527193069458	0.037846729159355164
-0.24129557609558105	-0.019368499517440796	0.970258355140686	-0.047922372817993164
0.0	0.0	0.0	1.0
5	20	60
0.960731565952301	-0.06333478540182114	0.2701535224914551	0.25389498472213745
0.017571382224559784	0.9855344295501709	0.16856065392494202	-0.08965428173542023
-0.27692148089408875	-0.15719470381736755	0.9479473829269409	-0.7082750797271729
0.0	0.0	0.0	1.0
5	21	60
0.7557610273361206	-0.27342748641967773	0.5950319170951843	-0.20886820554733276
0.12529978156089783	0.9522485733032227	0.27842891216278076	-0.22771260142326355
-0.6427484750747681	-0.13586831092834473	0.7539324760437012	-0.4301772117614746
0.0	0.0	0.0	1.0
5	25	60
0.8433436751365662	0.22885149717330933	-0.4862080216407776	2.170098304748535
-0.09332145750522614	0.9534081816673279	0.28688719868659973	-0.4322337806224823
0.5292092561721802	-0.19657090306282043	0.8254074454307556	0.47422218322753906
0.0	0.0	0.0	1.0
5	26	60
0.5685518383979797	0.3735121488571167	-0.732964813709259	2.0273847579956055
-0.20925292372703552	0.9273397922515869	0.310249000787735	-0.56759113073349
0.795589029788971	-0.02301737666130066	0.6053993105888367	0.9554457664489746
0.0	0.0	0.0	1.0
5	36	60
0.4696657061576843	-0.5362685918807983	0.7013057470321655	-0.49655574560165405
0.4124528467655182	0.8356340527534485	0.3627651333808899	-0.7748439311981201
-0.7805745601654053	0.11887708306312561	0.6136542558670044	1.2628133296966553
0.0	0.0	0.0	1.0
5	37	60
0.6371605396270752	-0.4940822720527649	0.591530978679657	-0.7551441788673401
0.29656505584716797	0.8655689358711243	0.4035336971282959	-0.6279686689376831
-0.7113897204399109	-0.08168843388557434	0.6980341076850891	0.8036389350891113
0.0	0.0	0.0	1.0
5	38	60
0.8517642617225647	-0.3700207471847534	0.3709208369255066	-0.7438469529151917
0.17904484272003174	0.8709168434143066	0.4576537013053894	-0.44844838976860046
-0.49238261580467224	-0.3234015703201294	0.8080662488937378	0.27872490882873535
0.0	0.0	0.0	1.0
5	39	60
0.8721988201141357	-0.23881569504737854	0.42689114809036255	-0.5634196996688843
0.07443757355213165	0.927355170249939	0.36670371890068054	-0.31603386998176575
-0.48345425724983215	-0.28806227445602417	0.8266149759292603	-0.04575300216674805
0.0	0.0	0.0	1.0
6	7	60
0.9965216517448425	0.01879863813519478	-0.08118543028831482	0.46676167845726013
-0.01614309847354889	0.9993171691894531	0.03324335813522339	0.07223880290985107
0.08175493776798248	-0.031817346811294556	0.9961446523666382	-0.11321234703063965
0.0	0.0	0.0	1.0
6	8	60
0.9961662888526917	0.06985940784215927	0.05265399441123009	0.7997410297393799
-0.07724422216415405	0.9849545955657959	0.15458890795707703	0.051984190940856934
-0.041062239557504654	-0.15806347131729126	0.9865747690200806	-0.09893107414245605
0.0	0.0	0.0	1.0
6	9	60
0.9782573580741882	0.2027587890625	0.04360268637537956	0.7666298747062683
-0.2039683610200882	0.9786500930786133	0.02531522512435913	-0.2759183943271637
-0.03753909468650818	-0.03365817666053772	0.9987280368804932	-0.06927371025085449
0.0	0.0	0.0	1.0
6	10	60
0.9576497673988342	0.13690297305583954	-0.2533071041107178	0.2886025011539459
-0.12986639142036438	0.9905378818511963	0.04437708854675293	-0.23578666150569916
0.256985604763031	-0.009601563215255737	0.9663676023483276	-0.017516374588012695
0.0	0.0	0.0	1.0
6	11	60
0.9822311401367188	-0.045410312712192535	-0.1820974498987198	0.0019375532865524292
0.05913162976503372	0.995747447013855	0.07064241170883179	-0.22750985622406006
0.17811520397663116	-0.08015486598014832	0.9807395935058594	0.10830140113830566
0.0	0.0	0.0	1.0
6	12	60
0.9554988145828247	0.024425111711025238	-0.2939824163913727	-0.36718863248825073
0.003970816731452942	0.9954109191894531	0.09560844302177429	-0.26980531215667725
0.2949686050415039	-0.09252077341079712	0.951016902923584	0.31432926654815674
0.0	0.0	0.0	1.0
6	15	60
0.9726711511611938	-0.2284386307001114	0.04155343770980835	-0.7457073926925659
0.2109173834323883	0.9441313743591309	0.2532386779785156	-0.4638204276561737
-0.09708145260810852	-0.23755359649658203	0.9665108919143677	0.6413726806640625
0.0	0.0	0.0	1.0
6	16	60
0.8331475257873535	-0.39489537477493286	0.387199342250824	-0.6505946516990662
0.30166375637054443	0.911281168460846	0.280295729637146	-0.440153032541275
-0.463534951210022	-0.11672371625900269	0.8783571124076843	0.5653764009475708
0.0	0.0	0.0	1.0
6	17	60
0.613980770111084	-0.3830689489841461	0.690134584903717	-0.6266144514083862
0.31862401962280273	0.9202206134796143	0.22731640934944153	-0.45752736926078796
-0.7221537828445435	0.08032578229904175	0.6870527267456055	0.4653167724609375
0.0	0.0	0.0	1.0
6	18	60
0.799258291721344	-0.29141151905059814	0.5256094336509705	-0.5830602049827576
0.2652680277824402	0.9558320641517639	0.12656289339065552	-0.36964505910873413
-0.5392763614654541	0.0382707417011261	0.8412590026855469	0.25813019275665283
0.0	0.0	0.0	1.0
6	19	60
0.9427810907363892	-0.24491658806800842	0.22623050212860107	-0.30834755301475525
0.24200758337974548	0.969409704208374	0.04095107316970825	-0.13401448726654053
-0.22933965921401978	0.016141653060913086	0.973212718963623	-0.08030366897583008
0.0	0.0	0.0	1.0
6	20	60
0.96070396900177	-0.1281854510307312	0.24620379507541656	-0.023909687995910645
0.09242008626461029	0.9840908646583557	0.15173539519309998	-0.21549145877361298
-0.26173725724220276	-0.12301874160766602	0.957267165184021	-0.7428123950958252
0.0	0.0	0.0	1.0
6	21	60
0.8535565733909607	-0.27002280950546265	0.44556480646133423	0.0861349105834961
0.18242159485816956	0.9559692144393921	0.2298797369003296	-0.21519692242145538
-0.4880191683769226	-0.11493459343910217	0.8652322888374329	-0.624204158782959
0.0	0.0	0.0	1.0
6	24	60
0.997846782207489	-0.05896736681461334	0.028725966811180115	1.5565749406814575
0.05492623150348663	0.9905780553817749	0.12545281648635864	-0.28245577216148376
-0.035852983593940735	-0.1236046552658081	0.9916837811470032	-0.09856462478637695
0.0	0.0	0.0	1.0
6	25	60
0.8491319417953491	0.16830502450466156	-0.5006476640701294	1.86110520362854
-0.062378451228141785	0.973193883895874	0.2213650643825531	-0.4677031934261322
0.5244840979576111	-0.15673840045928955	0.8368687629699707	0.4287290573120117
0.0	0.0	0.0	1.0
6	26	60
0.584308922290802	0.30434703826904297	-0.752300500869751	1.7385197877883911
-0.19514238834381104	0.9525064826011658	0.23377501964569092	-0.6240900754928589
0.7877196669578552	0.01020890474319458	0.6159490942955017	0.9039434194564819
0.0	0.0	0.0	1.0
6	35	60
-0.1857544481754303	-0.6510049700737	0.7359941005706787	-0.7088738679885864
0.6078195571899414	0.5123973488807678	0.6066332459449768	-1.0124015808105469
-0.7720426917076111	0.5600366592407227	0.3005136251449585	1.3566415309906006
0.0	0.0	0.0	1.0
6	36	60
0.43390893936157227	-0.5868431329727173	0.6836209297180176	-0.7722821235656738
0.4691389203071594	0.794957160949707	0.38464516401290894	-1.0149521827697754
-0.76917564868927	0.1538124680519104	0.6202499866485596	1.211482048034668
0.0	0.0	0.0	1.0
6	37	60
0.61687171459198	-0.5360322594642639	0.5763150453567505	-1.059640645980835
0.3474642336368561	0.8424873352050781	0.41168373823165894	-0.8670873045921326
-0.7062137722969055	-0.05370718240737915	0.7059586048126221	0.7587209939956665
0.0	0.0	0.0	1.0
6	38	60
0.837624192237854	-0.4263032078742981	0.34154200553894043	-1.031685709953308
0.24945317208766937	0.8547720313072205	0.4551240801811218	-0.6780229806900024
-0.4859614670276642	-0.2960239350795746	0.8223204612731934	0.22684025764465332
0.0	0.0	0.0	1.0
6	39	60
0.8643032312393188	-0.3022739887237549	0.4020082354545593	-0.8583180904388428
0.1492609828710556	0.9174058437347412	0.36890071630477905	-0.5303336977958679
-0.480313777923584	-0.2588382959365845	0.8380345106124878	-0.08777523040771484
0.0	0.0	0.0	1.0
6	53	60
0.7656306028366089	-0.2733684480190277	0.582305371761322	-0.8354426622390747
0.18979069590568542	0.9609115123748779	0.20156645774841309	-0.854525089263916
-0.6146456599235535	-0.04380953311920166	0.7875858545303345	1.5450732707977295
0.0	0.0	0.0	1.0
6	54	60
0.42205968499183655	-0.33217912912368774	0.8435181379318237	-0.7746544480323792
0.27173516154289246	0.9340248703956604	0.23185649514198303	-0.7518860697746277
-0.8648847937583923	0.1313563585281372	0.4844789505004883	1.447935938835144
0.0	0.0	0.0	1.0
6	59	60
0.473146915435791	-0.49221304059028625	0.7306562662124634	-1.0051389932632446
0.28612321615219116	0.8702599406242371	0.40097516775131226	-0.3742070198059082
-0.833226203918457	0.01933741569519043	0.5525943636894226	0.8375782370567322
0.0	0.0	0.0	1.0
7	8	60
0.9901075959205627	0.04531293362379074	0.13278962671756744	0.33545568585395813
-0.06271983683109283	0.9895297288894653	0.12998729944229126	-0.023825407028198242
-0.12550926208496094	-0.13702991604804993	0.9825834035873413	-0.012108087539672852
0.0	0.0	0.0	1.0
7	9	60
0.9759701490402222	0.18568694591522217	0.11402884870767593	0.33771196007728577
-0.1859194040298462	0.9825265407562256	-0.008687049150466919	-0.33571967482566833
-0.11364945769309998	-0.012721866369247437	0.9934393167495728	0.01561880111694336
0.0	0.0	0.0	1.0
7	10	60
0.9774476289749146	0.11485455930233002	-0.17721407115459442	-0.1590782105922699
-0.11527372896671295	0.9933018088340759	0.007963597774505615	-0.30567097663879395
0.17694176733493805	0.012644320726394653	0.984140157699585	0.10089421272277832
0.0	0.0	0.0	1.0
7	11	60
0.991377055644989	-0.06133925914764404	-0.11579626053571701	-0.3999922275543213
0.06600255519151688	0.9971380233764648	0.03687328100204468	-0.30420607328414917
0.11320306360721588	-0.04419821500778198	0.9925881624221802	0.2498483657836914
0.0	0.0	0.0	1.0
7	15	60
0.963674008846283	-0.24799518287181854	0.0991518646478653	-1.0948102474212646
0.22296342253684998	0.9513769149780273	0.2125312089920044	-0.5542057752609253
-0.14703752100467682	-0.18270355463027954	0.9721108675003052	0.8111860752105713
0.0	0.0	0.0	1.0
7	16	60
0.7834841012954712	-0.41897347569465637	0.4589276611804962	-1.0575493574142456
0.32903411984443665	0.9062029719352722	0.26558026671409607	-0.5558749437332153
-0.5271526575088501	-0.05707499384880066	0.8478518724441528	0.7593176364898682
0.0	0.0	0.0	1.0
7	17	60
0.5541867613792419	-0.38635924458503723	0.7372944951057434	-1.027214527130127
0.3474881649017334	0.9122635126113892	0.2168576419353485	-0.5615522265434265
-0.7563918232917786	0.13602149486541748	0.6398197412490845	0.6402018070220947
0.0	0.0	0.0	1.0
7	18	60
0.7505074739456177	-0.3011038601398468	0.5882811546325684	-1.0025757551193237
0.29409894347190857	0.9493418335914612	0.11070704460144043	-0.4690004289150238
-0.5918142199516296	0.08992624282836914	0.8010425567626953	0.43832921981811523
0.0	0.0	0.0	1.0
7	19	60
0.9200765490531921	-0.25115638971328735	0.30063194036483765	-0.7588124871253967
0.2570796608924866	0.9661751985549927	0.02038419246673584	-0.22518813610076904
-0.2955828905105591	0.05853146314620972	0.9535223245620728	0.0897831916809082
0.0	0.0	0.0	1.0
7	20	60
0.9372192025184631	-0.15188108384609222	0.3139303922653198	-0.5191634893417358
0.11494642496109009	0.9844144582748413	0.13309934735298157	-0.28834784030914307
-0.32925286889076233	-0.08865806460380554	0.9400703310966492	-0.5995986461639404
0.0	0.0	0.0	1.0
7	21	60
0.8087995052337646	-0.28141340613365173	0.5163804292678833	-0.4356870651245117
0.19994795322418213	0.9573531746864319	0.20855599641799927	-0.28579917550086975
-0.5530491471290588	-0.06543073058128357	0.8305753469467163	-0.47651398181915283
0.0	0.0	0.0	1.0
7	24	60
0.9925071001052856	-0.063128262758255	0.10461580753326416	1.102004051208496
0.05430600047111511	0.9948881268501282	0.08513551950454712	-0.3263706564903259
-0.10945559293031693	-0.07881608605384827	0.9908618927001953	-0.07324361801147461
0.0	0.0	0.0	1.0
7	25	60
0.8839005827903748	0.1502440869808197	-0.4428849220275879	1.4586818218231201
-0.06984146684408188	0.9787782430648804	0.19265198707580566	-0.5488895177841187
0.4624309837818146	-0.13935357332229614	0.8756359219551086	0.4346330165863037
0.0	0.0	0.0	1.0
7	26	60
0.6553853750228882	0.2940360903739929	-0.6957104206085205	1.3300057649612427
-0.20284578204154968	0.9557929039001465	0.21286934614181519	-0.7232676148414612
0.7275463938713074	0.0016104280948638916	0.6860564947128296	0.8843657970428467
0.0	0.0	0.0	1.0
7	35	60
-0.2562767267227173	-0.624698281288147	0.7376139163970947	-1.015608787536621
0.6289681196212769	0.47167471051216125	0.617998480796814	-1.1564990282058716
-0.7339763045310974	0.6223143339157104	0.27203601598739624	1.4793400764465332
0.0	0.0	0.0	1.0
7	36	60
0.3586825728416443	-0.5942580103874207	0.7198638916015625	-1.091482400894165
0.511595606803894	0.7701890468597412	0.3808920979499817	-1.1507972478866577
-0.7807795405387878	0.2316596508026123	0.5802732110023499	1.3738828897476196
0.0	0.0	0.0	1.0
7	37	60
0.5516678094863892	-0.5445488691329956	0.6317663788795471	-1.4429512023925781
0.3781348466873169	0.8384307026863098	0.39248913526535034	-0.97337806224823
-0.7434219717979431	0.022369444370269775	0.6684485673904419	0.9638019800186157
0.0	0.0	0.0	1.0
7	38	60
0.7933241724967957	-0.4650031626224518	0.3929494321346283	-1.4465841054916382
