0	4	55
0.4776306604658578	-0.013339331413275646	0.8784594551943741	-0.5530400130056745
0.18088080420488947	0.9799568452844081	-0.08346685599939985	-0.06923048403760546
-0.8597389643683375	0.19876278227494978	0.47047026423481864	0.2898334922793615
0.0	0.0	0.0	1.0
0	9	55
0.6700194036091521	-0.3255981728045106	0.6671280451709405	-0.2840700641317586
0.07575024225935167	0.9239749639262002	0.37487620201238003	-0.24031328553118303
-0.7384686178741015	-0.20063921825989212	0.6437452947487646	-0.5253248038606304
0.0	0.0	0.0	1.0
0	11	55
0.9237655099510228	0.34532386084426137	-0.16555577234436628	-0.804833857690062
-0.27241624314268104	0.8963835089375327	0.3496941454712429	-0.2779543557181463
0.2691591965676709	-0.27793530908549285	0.9221199980840868	0.06684514975304845
0.0	0.0	0.0	1.0
0	18	55
-0.591372331953876	-0.15954043818106894	0.7904591156944348	-2.012259601035138
0.21582699542146724	0.9131589799771478	0.34577360416092656	-0.42289822746371053
-0.7769797121204502	0.37508335856458336	-0.5055838220128641	2.2492110069027578
0.0	0.0	0.0	1.0
0	20	55
-0.44420643200796295	-0.03142354534119943	0.8953732219364978	-1.8750087193721
0.23055905027469126	0.9617164169345751	0.14813526836967628	-0.5006059005353956
-0.8657500621421794	0.2722390387081052	-0.4199556353998592	2.1424886781436316
0.0	0.0	0.0	1.0
0	34	55
0.9749573410207829	-0.027394858512115094	0.22069822137204875	-2.196254879886169
-0.04155558261786879	0.9524639984694603	0.3018036864799001	0.24583468184930823
-0.21847497967267115	-0.30341696285255604	0.9274733580596027	-0.5225561822089912
0.0	0.0	0.0	1.0
0	43	55
0.9968630647980129	0.0308732835682356	0.07287571888653754	0.3600391274850011
-0.06859728281272814	0.796308957341019	0.6009879010838499	-0.43531564154765334
-0.03947711783077534	-0.6041017172796117	0.7959288111053654	-0.6936612777155542
0.0	0.0	0.0	1.0
0	46	55
0.7957924896503187	0.27386309852866186	-0.5401049126608901	0.09429999603169315
-0.14360726128036339	0.9517999003248678	0.2710238075319683	-0.1634536112866345
0.5882952217413467	-0.13811572323907378	0.7967639418739074	-0.14203711106824324
0.0	0.0	0.0	1.0
0	53	55
0.7561009008348436	0.2711359652108717	-0.5956481479245165	-0.20373617799174948
-0.17602585412048852	0.9608573920135103	0.21393450141140788	-0.04229062513259252
0.630338263504517	-0.05690659524311856	0.7742320795342607	-0.27950955322202153
0.0	0.0	0.0	1.0
1	9	55
0.7030114883247005	-0.4059441334260532	0.5839385308578807	-0.016209606598975412
0.10993201763430002	0.8732460116629757	0.47471713115660713	-0.39291701289727987
-0.7026306275578527	-0.2695380560360228	0.6585282359671304	-0.2924055156068208
0.0	0.0	0.0	1.0
1	11	55
0.9130141321881045	0.2788418725505394	-0.29774553655312974	-0.4651909775219182
-0.16190179522706588	0.917645434107294	0.3629251520138673	-0.42837424602976726
0.3744235611270416	-0.28315025582637926	0.8829682494282566	0.1798705344315521
0.0	0.0	0.0	1.0
1	18	55
-0.4942928277511422	-0.3084327768934708	0.8127384712018754	-1.8661887483041184
0.12520799369761168	0.89992993202816	0.4176710137823906	-0.6407652266062005
-0.8602311077541882	0.3082131398522354	-0.4062106616946785	2.1657554779517376
0.0	0.0	0.0	1.0
1	20	55
-0.3673251751392729	-0.16206008760124752	0.9158650248347622	-1.6977048263682788
0.11936504794079747	0.9683462761403776	0.21922015148054808	-0.6879100775628264
-0.9224013231988528	0.18984735313335124	-0.33635365535291395	2.203726797157625
0.0	0.0	0.0	1.0
1	34	55
0.9916666305444866	-0.10045875861052264	0.08065563639931016	-1.824800213517101
0.06486477614986409	0.9302534170705372	0.36113867259491444	-0.10788639498923591
-0.11130972410159422	-0.3528974608112412	0.9290175065483994	-0.5575901087628372
0.0	0.0	0.0	1.0
1	36	55
0.4085004596382858	-0.3305834297577793	0.8507890281643817	-1.3494820208223048
0.16263448286745255	0.9435541315452721	0.2885405098530956	-0.2814480577079641
-0.8981522139691839	0.020498702725561556	0.43920656157305266	0.5808705411833561
0.0	0.0	0.0	1.0
1	43	55
0.995546980264286	0.016464539788965726	-0.09281771930078495	0.819156350978801
0.04692529116581429	0.7674077820321937	0.639439843242062	-0.5011151484607147
0.08175712284361135	-0.6409479035038392	0.7632178967099552	-0.4139086876114275
0.0	0.0	0.0	1.0
1	46	55
0.7415123736220355	0.20944723579398639	-0.637409801606215	0.4089280870243269
-0.06414894912237662	0.9678057066794331	0.24338657819448195	-0.2192053759768231
0.667865489520091	-0.13958499037139382	0.7310757268375879	0.0496165763823897
0.0	0.0	0.0	1.0
1	53	55
0.683911040207224	0.17581583808886217	-0.7080638955347066	0.18267377775483784
-0.06967175939099507	0.9818319960347872	0.17649866148418492	-0.14506554096424784
0.7262310479634122	-0.07137732580768694	0.6837351404853399	-0.09724726503137582
0.0	0.0	0.0	1.0
2	18	55
-0.6160905431116619	-0.13590896910700756	0.7758615822456005	-1.3116456510671768
0.39383928349341546	0.7998836617442654	0.45285400125424224	-1.000593308501167
-0.682145923879759	0.5845638372246904	-0.43927446857673746	2.501632286996321
0.0	0.0	0.0	1.0
2	19	55
-0.02231397191405235	-0.1682859944111605	0.9854856217837302	-1.0742195032528616
0.3996165198421985	0.9020581858207659	0.1630879102292941	-1.2617258058354182
-0.9164107832880559	0.3974554735801173	0.04712136240152609	2.5929398339442224
0.0	0.0	0.0	1.0
2	20	55
-0.4878784258245331	-0.00036526793690289105	0.8729115122360975	-1.169140502267067
0.4025974083999131	0.8871956704377139	0.22538671013671188	-1.0515745960200786
-0.7745256408697196	0.46139322593197096	-0.4326965711667242	2.4745802298208512
0.0	0.0	0.0	1.0
2	21	55
-0.8455169190009848	-0.09877264599256416	0.5247333647546253	-1.2549648029930842
0.316487122732499	0.6987936244426871	0.6415008741870559	-0.9308122999435129
-0.4300430685728898	0.7084711954920113	-0.5595815618214495	2.414529720108664
0.0	0.0	0.0	1.0
2	36	55
0.2568538455284282	-0.1996513077920877	0.9456032240502188	-1.032068964698966
0.37673556812137377	0.9217134475299196	0.09227476553628611	-0.2552620698897606
-0.889997985250262	0.33254123945673236	0.3119613923405519	1.0167908259758798
0.0	0.0	0.0	1.0
2	43	55
0.9926019969483886	-0.007542400262333077	0.12117915601436616	0.8843475451381105
-0.0428501678251858	0.9120815358438987	0.4077635774440723	-0.33976748389931344
-0.11360078684333424	-0.409939488425935	0.9050107607413622	-0.4320095305816696
0.0	0.0	0.0	1.0
2	47	55
0.637805939659593	0.3961470819593993	-0.6605081928257948	0.020515974299559536
-0.31418580237506777	0.9168073385530368	0.24647836732912978	-0.0876248473722323
0.703200444340644	0.05031692985816022	0.7092089548565855	0.24456208096761056
0.0	0.0	0.0	1.0
3	11	55
0.9449799791375194	0.263777337270107	-0.19347959936888887	-0.217751015722834
-0.15248370229334182	0.8784442665970973	0.4528624416062826	-0.28450003361110177
0.2894158937656483	-0.3984434549912701	0.8703339896904236	0.2223586754298481
0.0	0.0	0.0	1.0
3	18	55
-0.5913866566145294	-0.24231972029713553	0.76911831049157	-1.4172400766920492
0.06484363549750821	0.9364028918653244	0.3448839327103032	-0.24676768036593777
-0.803776788240215	0.25383218326559165	-0.5380632838476048	2.3789043319714662
0.0	0.0	0.0	1.0
3	20	55
-0.4720264376952141	-0.11583846829977446	0.8739407825354805	-1.2461081953878312
0.06946947323498787	0.9833595561111006	0.1678629670100953	-0.32157191555805953
-0.8788430089641831	0.1399479641400374	-0.45612447087153685	2.371562415500657
0.0	0.0	0.0	1.0
3	34	55
0.9750311053598633	-0.1132811181776466	0.1910019158153785	-1.640777592307262
0.01621306693961913	0.8941223382754498	0.44752919531272206	-0.0016653654804027473
-0.2214756872461045	-0.4332581591398635	0.8736337261676665	-0.40034085750558956
0.0	0.0	0.0	1.0
3	36	55
0.3091987465533617	-0.29882602015161464	0.9028284138252283	-1.0743684348065734
0.0625561293235164	0.9536838025457006	0.29423449057857476	-0.05892350349745401
-0.9489377565540796	-0.034499484667466274	0.3135712355172111	0.707873271189539
0.0	0.0	0.0	1.0
3	43	55
0.9988541452832378	-0.04677119499773401	0.010141586117397274	0.9631980968303598
0.026267077314534273	0.7129131358038827	0.7007602310688201	-0.41867101588045164
-0.040005463374955745	-0.6996908718260934	0.713324783519679	-0.5059930795269754
0.0	0.0	0.0	1.0
3	44	55
0.9662012451070832	-0.23677950259357722	0.10193439608425278	0.9757199751206633
0.16606446768595096	0.8741312481925103	0.45641774013023106	-0.40662276814660514
-0.19717440636579825	-0.4240637075781698	0.8839073624477585	-0.5170899808723486
0.0	0.0	0.0	1.0
3	46	55
0.8155199472679288	0.20563968922429582	-0.5409616750046627	0.6154594281141123
-0.013458678848935424	0.9412271420553734	0.3375060459042415	-0.13794787578794387
0.5785724497171949	-0.26796228330496386	0.7703571477920051	-0.01697279495229953
0.0	0.0	0.0	1.0
3	53	55
0.7525352940625751	0.2072426233319973	-0.6250928941082484	0.3888882657513737
-0.04243666307056762	0.9624806964778648	0.26801126568657585	-0.04146969429973013
0.6571832018680859	-0.1751610801004524	0.7330953793337223	-0.13034953222823153
0.0	0.0	0.0	1.0
4	7	55
0.9213030378471659	-0.09567809808376906	0.37689045358122	0.7778015037583472
-0.03821026359960314	0.9422881558681768	0.33261540413246204	0.0225726587999025
-0.3869634197301264	-0.32084066584151216	0.8644770551802646	-0.45258464994802905
0.0	0.0	0.0	1.0
4	8	55
0.9873187450691264	-0.07351450199382131	0.1407029268768971	0.8115281730291201
-0.012872323112364192	0.8463238336155758	0.5325131659892796	-0.2683164250932232
-0.1582276806782427	-0.5275714043149377	0.8346450829043136	-0.2939815200702567
0.0	0.0	0.0	1.0
4	10	55
0.8095379522857304	0.3193001003217289	-0.49264160374816063	0.5389683845587014
-0.13610757862570005	0.9183726689660661	0.37157282992273966	-0.31506169790299665
0.5710718263490815	-0.23375005204422478	0.7869166933797039	-0.2532537691776229
0.0	0.0	0.0	1.0
4	19	55
0.9093933788446138	-0.005116283384820078	0.4159056457393962	-2.3899333057873173
-0.06833243218085358	0.9845004920165298	0.1615223202268367	-0.10105369459035168
-0.4102857068261425	-0.17530717288102593	0.8949486208216846	-0.11090217615323428
0.0	0.0	0.0	1.0
4	38	55
0.7742589615563868	-0.2963690035329219	0.5591855454091512	0.5406034634711652
0.12204523090375682	0.9369089876809803	0.3275767244726794	-0.08404887682050444
-0.6209895506876708	-0.1853832855127564	0.7615806033436134	0.08643212036160741
0.0	0.0	0.0	1.0
4	39	55
0.9994461620325454	-0.018348666462530052	0.027761405538311773	1.0382120472252958
0.0050320942370325195	0.9079882807138263	0.4189653447648631	-0.13883784242202568
-0.03289448625538039	-0.4185936078410629	0.9075777345487265	0.22723040014216966
0.0	0.0	0.0	1.0
4	40	55
0.9980710936982636	0.04508573356305028	0.04267749469021778	1.3073551294440104
-0.06200926162673086	0.7571094907544855	0.6503384276528585	-0.32423747970164696
-0.002990551196618174	-0.6517303856953165	0.7584448305348086	0.11074141994164788
0.0	0.0	0.0	1.0
4	41	55
0.9988403532733506	0.04372712510777654	0.020146642464125716	1.2606566812346898
-0.04370094236852798	0.6478445606929527	0.7605180161026164	-0.5010304148105726
0.020203373700227744	-0.7605165111359283	0.649004206443043	0.22837998856085417
0.0	0.0	0.0	1.0
4	43	55
0.45709717510600906	0.7217721284400258	-0.5197183536467245	1.1502416157202768
-0.15235198892470628	0.6392394432732904	0.7537650865052987	-0.5528694540095616
0.8762711018747533	-0.2653637668763561	0.4021579630548154	0.36440334143260933
0.0	0.0	0.0	1.0
4	44	55
0.6530838922497105	0.36225318781994675	-0.6650218474593566	1.1878429784335471
0.028847620437248728	0.8656271512387675	0.4998574295070197	-0.5172810038160605
0.7567359146221873	-0.34563313347036484	0.5548770067036298	0.3313939842305528
0.0	0.0	0.0	1.0
4	45	55
0.47859235354186874	0.3524112458251635	-0.8042112116522693	1.1764726676640733
-0.06562456484064591	0.9277142404389459	0.3674774885299307	-0.2544133537190483
0.8755813929160046	-0.12309590530454584	0.46712377639820857	0.27038450660170943
0.0	0.0	0.0	1.0
5	36	55
0.9723226039649031	0.1140212614068431	-0.203931129958379	-0.5488578398158299
-0.06564403976118582	0.9709943249717089	0.2299149427866029	0.1030694537810885
0.22423116166746465	-0.21016463265718066	0.9516045467090475	-1.1864578118747664
0.0	0.0	0.0	1.0
5	42	55
0.3851274550086766	0.8049796637589857	-0.45131428554058584	0.710704005652818
-0.12445770999204259	0.5298733722602051	0.8388948013864043	-0.5272283343404827
0.9144326775777842	-0.2669118774128788	0.30425470887704587	0.5481061875336177
0.0	0.0	0.0	1.0
5	43	55
0.11414417049923231	0.778520223959955	-0.617152630413567	0.7589934907820194
-0.11585123022715588	0.6274053129410171	0.7700266656085615	-0.5949387912382955
0.9866861713817099	-0.01639616353684182	0.16180718471494526	0.6213355679322323
0.0	0.0	0.0	1.0
5	44	55
0.3671093361490517	0.48832734939155087	-0.7916862605530216	0.746965502642572
-0.013178517798558054	0.8537579021675339	0.5205033824627145	-0.5374335523731134
0.9300844380919606	-0.18064839972365104	0.3198579273622093	0.501458646041953
0.0	0.0	0.0	1.0
6	36	55
0.968301139034096	0.13545835048669175	-0.20986648000263441	-0.9141062383034936
-0.10657677087169239	0.9839186709801876	0.143336808975026	0.16887772501265863
0.22590771579526528	-0.11642630364314116	0.9671662834095078	-0.8706515696772992
0.0	0.0	0.0	1.0
6	42	55
0.3459687256759483	0.8450074812044991	-0.4077597301875056	0.29284412763207945
-0.2181929612265245	0.49514375288963	0.8409664057770516	-0.6917686995358401
0.9125225874055725	-0.20197777274442894	0.3556789377962087	0.8416370117819231
0.0	0.0	0.0	1.0
6	43	55
0.050926567286809665	0.8089257506138592	-0.5857009601649855	0.3363554024226483
-0.2555860425193115	0.5774883202448926	0.7753599260021435	-0.7349713768091649
0.965444073788689	0.11021057106528528	0.23615962908965837	0.8545529787861645
0.0	0.0	0.0	1.0
6	44	55
0.2760720619336433	0.5546567542208218	-0.7849459227341267	0.36673363405568105
-0.11487989635196043	0.8298724734281444	0.5459984315549055	-0.6984966675620883
0.9542467322626104	-0.060560406566307734	0.29282351531708295	0.8336016046288158
0.0	0.0	0.0	1.0
7	36	55
0.9772870307747583	0.030306655250370407	-0.20974166521459514	-1.316612752419767
-0.06893650648405969	0.9813566623883528	-0.17940696547170631	0.42597333664264053
0.20039415548670442	0.1897909582501971	0.9611563736527173	-0.8015684315773974
0.0	0.0	0.0	1.0
7	42	55
0.3681188174436296	0.7562902378448636	-0.540845275827075	0.06983138971380842
-0.4015958166516167	0.6539657549278974	0.6411314930882019	-0.7477627035255594
0.8385757785029483	-0.018811366833554444	0.5444600960456413	0.6258961121767903
0.0	0.0	0.0	1.0
7	43	55
0.12443280172537657	0.6930760381309321	-0.7100437192338963	0.15059461041679256
-0.43365072323713033	0.6816298078618196	0.5893452767861753	-0.805643597280363
0.8924480534410322	0.23457708840163927	0.3853700319255801	0.6611504329258623
0.0	0.0	0.0	1.0
8	10	55
0.7038939258947332	0.35252608714766165	-0.6166511971681073	-0.2801949288762495
-0.5017452952328946	0.8612746576177153	-0.08035933584309579	0.0033985469932662493
0.5027772864799642	0.3659662853677197	0.7831243056973761	-0.020801054471706326
0.0	0.0	0.0	1.0
8	18	55
0.602038261415558	-0.23192424876225623	0.7640425869202544	-3.105907698925638
0.5133086722348569	0.8453711493930935	-0.14785745426689678	0.6706016709368384
-0.6116078308852987	0.4812055305270944	0.6279945052227105	-0.3814930627302515
0.0	0.0	0.0	1.0
8	20	55
0.8775219656163975	-0.033906135148372235	0.47833625605846963	-1.6391526178869429
-0.2689683654814884	-0.860617840622328	0.4324268155107615	0.2343578582583098
0.3970027937319214	-0.508121350074824	-0.7643307368980968	2.715673591458126
0.0	0.0	0.0	1.0
8	36	55
0.9999923125018317	-0.0028197672660359996	-0.002724674256598336	-1.4278885682775373
0.001675612736973059	0.9355395498671961	-0.35321798220962747	0.7239873034463987
0.003545033031562561	0.3532107013481475	0.9355370827465659	-0.4355961248473057
0.0	0.0	0.0	1.0
8	43	55
0.34134817864269185	0.713737782585756	-0.6116042827244469	0.27502566475455525
-0.5884622101475352	0.6696632336869891	0.45306001884536573	-0.5948318774741781
0.7329349549350165	0.20525479569903698	0.648596038129244	0.44776447641857864
0.0	0.0	0.0	1.0
8	44	55
0.5269631369124351	0.3837521309160319	-0.7583166583643083	0.29071217923256676
-0.4314592663392054	0.8895201101154243	0.15032257046191405	-0.5048758737293504
0.7322245241901149	0.2479682957913117	0.6343177204342564	0.42968433977466347
0.0	0.0	0.0	1.0
9	18	55
0.250757029054023	-0.3410006477486951	0.9060019153484001	-3.083399140738491
0.5460428240147598	0.8226286809359685	0.15849065475142143	-0.1334365377297056
-0.7993485764808654	0.454973198701329	0.392480880733693	0.38675740382011625
0.0	0.0	0.0	1.0
9	19	55
0.8007668738106973	-0.1669485003174288	0.5752396127260393	-3.0370115443634593
0.32711819963297495	0.926396036818345	-0.18650486973841948	-0.436472325286283
-0.5017629891455962	0.33751826796341766	0.7964391511689082	0.5690904088111619
0.0	0.0	0.0	1.0
9	20	55
0.37974177714984797	-0.16657443497580418	0.909972054680564	-3.0077705172880447
0.5060794103804687	0.8608187678188887	-0.05361603640449608	-0.33523821498144213
-0.7743899618900241	0.4808783698434176	0.41118874053250176	0.4695649863264142
0.0	0.0	0.0	1.0
9	37	55
0.6157006607623261	-0.37573381395146027	0.6926303468592203	-0.8260000664921452
0.4899757189456657	0.8709541137527825	0.03691512672040327	0.03791299162875428
-0.6171195112622134	0.3166433842520552	0.7203474689543177	0.2701652241663197
0.0	0.0	0.0	1.0
9	38	55
0.6290154801241505	-0.42267149159071216	0.652447956515052	-0.10333163287648728
0.5001887792111338	0.8625269004724868	0.07654104201407527	0.04609344705440757
-0.5951056300485323	0.2782016465763762	0.753958309806804	0.35232941214785685
0.0	0.0	0.0	1.0
9	39	55
0.9761398110282098	-0.16792927714567785	0.13766200348368463	0.4426110276262726
0.1766382618640045	0.9828146937181874	-0.05361158696858212	0.05738472585651827
-0.1262932847441829	0.07664878139250886	0.98902728503291	0.39857676459840796
0.0	0.0	0.0	1.0
9	40	55
0.9796640781368047	-0.16452009096909465	0.1148539667398778	0.6703239450731844
0.13870545815853869	0.96892472730107	0.20480641762790674	0.02621830467034228
-0.14497961886207927	-0.18471061824396415	0.972040584349511	0.17629168457595656
0.0	0.0	0.0	1.0
9	41	55
0.9829741054631732	-0.17595056000735132	0.05294627864140553	0.6792283499049268
0.13936700999580914	0.901732953651767	0.4092120682766923	-0.28364757124232126
-0.11974449679923466	-0.39486590221435913	0.9109018469378234	0.2285163943767632
0.0	0.0	0.0	1.0
9	42	55
0.8429536661622695	0.43373904997814927	-0.31827590739426315	0.5265540296297392
-0.26554542048907726	0.8499669953968325	0.4550183912693646	-0.30978031949275553
0.4678832614668621	-0.2990427114312167	0.8316602132956689	0.31425768874338544
0.0	0.0	0.0	1.0
10	11	55
0.7080639777275632	0.3906641702955095	-0.5882405201037602	-0.42171894539790933
-0.37170660385440996	0.9144755755642406	0.1599019147711282	-0.08481670943709241
0.60039953705482	0.10543210015822219	0.7927196655568636	0.23351820989043048
0.0	0.0	0.0	1.0
10	34	55
0.9682441391444301	0.057274436242200535	-0.24335760922067162	-1.4359990347806677
-0.03704326385257185	0.9955268250626794	0.0869145395418463	0.6116834507395692
0.24724700931580895	-0.07513973338893742	0.9660346457817279	-0.788352832469724
0.0	0.0	0.0	1.0
10	46	55
0.46445692633779634	0.28704370108480426	-0.837786176326862	0.4067328283223146
-0.3237810221936158	0.9355600389199029	0.14104347997495914	0.016792902263668696
0.8242849102368087	0.20575064336163562	0.527466643032684	0.4332522742793894
0.0	0.0	0.0	1.0
10	53	55
0.39077952242400943	0.22273354598370082	-0.8931299638616939	0.2512538780687481
-0.3561879425694398	0.9312855472875379	0.07640274197632446	0.21016031009757524
0.848776480837101	0.2882654972536221	0.44326232489453615	0.2532519124407542
0.0	0.0	0.0	1.0
11	18	55
-0.7846846681311049	-0.3159509480572976	0.5333338260617569	-0.5299629479944887
0.2229539191403058	0.6589430612130804	0.7183909743441333	-1.1492667059484392
-0.5784129334134537	0.6826192500221704	-0.44662001517981	2.1146368007999157
0.0	0.0	0.0	1.0
11	19	55
-0.2609008981549233	-0.331496845951117	0.9066645258674326	-0.29807500230884587
0.4417780030978493	0.7940784726636354	0.4174584712651856	-1.2259497011217704
-0.8583489484590934	0.5094597338128406	-0.06072777208591221	2.1930610994408317
0.0	0.0	0.0	1.0
11	20	55
-0.707124732389374	-0.23302153828808098	0.6675893764411719	-0.31527129286977684
0.2597040496391007	0.7925601996983338	0.5517265051229545	-1.168675180852567
-0.6576689284467586	0.5635151218450086	-0.499922281967606	2.095282245558561
0.0	0.0	0.0	1.0
11	21	55
-0.948725732864647	-0.23074281329961238	0.2160491562376965	-0.4800591270883661
0.049430176449024886	0.5667786655540611	0.82238592031295	-1.050979209910333
-0.31221169333748294	0.790898032860962	-0.5263118468740785	2.0270621325170888
0.0	0.0	0.0	1.0
11	33	55
0.9591485066285366	-0.044353934511143944	-0.2794044930304973	-1.5924173784512483
0.08118891121343505	0.9892444604889225	0.1216706952719421	0.12559748521760333
0.2710027729161181	-0.13938481224782676	0.9524333946194938	-0.24413696185010592
0.0	0.0	0.0	1.0
11	43	55
0.9285442804424459	-0.35270804360145086	0.11576940544227364	0.9414816209423149
0.2950430656340389	0.8904553159834543	0.34646633264730786	0.4625679265255127
-0.22528894486611786	-0.2875523712572093	0.9308912531039639	-0.931587060990398
0.0	0.0	0.0	1.0
11	44	55
0.8294714149133361	-0.4591613670000996	0.3180377507408011	0.8543824527138217
0.45868146984543506	0.8848788304593087	0.08124508985407375	0.47436321432766526
-0.3187294794368719	0.07848754334010666	0.9445905062397861	-0.9538981564555651
0.0	0.0	0.0	1.0
11	45	55
0.9378728949767373	-0.27307559192507597	0.21406577017992268	0.7934763431650085
0.29940349908687747	0.9487098127381198	-0.10152455835380741	0.6790109701321427
-0.17536241787363807	0.15930917208111628	0.9715290063031268	-0.7892287854702875
0.0	0.0	0.0	1.0
11	52	55
0.5735944737682899	0.07718113277492158	-0.8154952191190693	0.02242673097908876
-0.3084678435474777	0.9426167650324515	-0.12775454503431802	0.403896569663855
0.7588392248425536	0.32483335269540353	0.5644876648935884	-0.3667651228850204
0.0	0.0	0.0	1.0
12	22	55
-0.5063389954297847	-0.48164527396786866	0.7152892084825365	-2.234051962125328
0.4888907974325747	0.5229571684278183	0.6982131395037627	-1.5214925801167256
-0.7103566779392578	0.703230851182153	-0.029321665244763262	2.682164270642283
0.0	0.0	0.0	1.0
12	25	55
0.5173247011629717	0.5826520642558666	-0.6268107573941438	-0.5852634235943581
-0.39356238825338197	0.8123650118945365	0.4303158537654463	-0.5274438998244373
0.7599235488645791	0.024076118208051778	0.6495664249428965	1.2439955671715348
0.0	0.0	0.0	1.0
12	30	55
-0.5759222544715625	0.5627474871091649	-0.5929829867346212	1.061885074096545
-0.3643070565834	0.4726806190291703	0.8024047612755915	-0.7646460680028102
0.7318428282957556	0.6781506456138785	-0.06721440712784865	1.8280225210503753
0.0	0.0	0.0	1.0
12	34	55
0.04398710609117042	-0.47734050986668397	0.877616756983331	-1.6762997232829269
0.5638703731201565	0.7370282290665907	0.37261185149737575	-0.15630734789698308
-0.8246910553747148	0.4784719711740498	0.30157791030803205	0.6198874754486532
0.0	0.0	0.0	1.0
12	46	55
0.8541969634724436	-0.25659389136983796	0.45222463721710326	-0.28437116101653115
0.33434102047278114	0.9371548398509247	-0.0997842080351718	0.8775359088808161
-0.3982004892308352	0.23643261419624614	0.8863046819918378	-1.2026156877192853
0.0	0.0	0.0	1.0
13	15	55
0.4353911375640411	0.35547484389984185	-0.8270865690392221	0.5300170993852027
-0.49109341225256387	0.8637822865489043	0.11272720118267152	-0.33731200002995715
0.7544944120222644	0.3570963410604038	0.5506545064089171	0.6046730160796896
0.0	0.0	0.0	1.0
13	16	55
0.343087301769564	0.40464020055100514	-0.8476776577582565	0.7408098471207074
-0.5160288682112376	0.8352651731170126	0.18985862569406023	-0.13361531518897607
0.7848600579320557	0.3722880587338929	0.4953748992299064	0.27050423555994385
0.0	0.0	0.0	1.0
13	23	55
0.4857189149552092	0.3239562386689414	-0.8118679024830371	0.09453554967736943
-0.43474795289936824	0.895296822930014	0.09714842408002364	-0.07856258905537825
0.7583345917894969	0.30577108149544613	0.5757019129867135	0.3827524595148706
0.0	0.0	0.0	1.0
13	27	55
0.9823014124666158	-0.18730547720778207	-0.0007702428558515606	-0.21378719869843588
0.18670172461428647	0.9794488842014257	-0.07630432007844053	-0.7716638251640511
0.01504663059103567	0.07481003572079753	0.9970842780143062	1.348517845223493
0.0	0.0	0.0	1.0
13	30	55
0.19591254351361884	-0.6692537069111593	0.7167410627832737	-0.41235932752975946
0.5838257708444858	0.666854333591028	0.46309045236185625	-0.8288787932832691
-0.787886885658003	0.3277266750762564	0.5213726899748345	1.8004780759609917
0.0	0.0	0.0	1.0
13	31	55
-0.06572322294844693	-0.7634369793642014	0.6425297164369373	-0.26453510587554363
0.46880722347561843	0.5448042352826266	0.6952755802091667	-0.49891740888988
-0.8808519995903681	0.34691832433207515	0.32209848037560634	1.2680836812905845
0.0	0.0	0.0	1.0
13	33	55
0.11516253689619618	-0.5795403007492846	0.8067655358919731	-1.3896506122774532
0.6174858732665388	0.6779521289474827	0.3988635194798307	-0.34555523536451416
-0.7781058966566784	0.45223218667295906	0.43593263576509333	0.830929157681723
0.0	0.0	0.0	1.0
13	47	55
0.5989825027759329	-0.3710664810174458	0.7095982159177187	-1.5021856769585673
0.4920256068735342	0.8696862435440326	0.03945427696714368	0.6874424551948538
-0.6317679665423135	0.32550807126029835	0.7035010533008395	-0.8203713049527575
0.0	0.0	0.0	1.0
13	51	55
0.9999188185653731	-0.002907071746088008	-0.01240585396864552	-1.9381522518373449
-0.0022283014307262206	0.9187265115680284	-0.39488812544159385	0.4890839788748691
0.012545555051973245	0.394883711839201	0.9186454501996585	-0.4823776103995936
0.0	0.0	0.0	1.0
14	22	55
0.6476917425997256	0.4151905294292595	-0.6388366229642617	0.3829074635957226
-0.28111469189784255	0.9095426331217178	0.3061155476828857	0.3895447834968
0.7081454204944861	-0.018682152077941272	0.7058194107747569	-0.4515547884226039
0.0	0.0	0.0	1.0
14	27	55
0.699499216475651	-0.4416848856995388	0.561796500429235	0.3141997455511357
0.42766541324678664	0.8885480721866513	0.16608617560122504	-0.3684499090413399
-0.5725409509043043	0.12408378281617274	0.810432029463066	1.0814308541565052
0.0	0.0	0.0	1.0
14	28	55
0.8469214714288076	-0.34472200663362396	0.4048342369110497	0.8234851790932931
0.2712848716155258	0.9349587882727785	0.22859698743431947	-0.5298649073577222
-0.45730573981245004	-0.0837782929760828	0.8853545380019252	1.5953226202684676
0.0	0.0	0.0	1.0
14	48	55
0.31822811029014897	-0.42375658351175627	0.8480337421067661	-2.1048529804975233
0.4892790563719305	0.83960571390915	0.2359412006558022	0.041484911495234866
-0.8119956125601628	0.3398420266852706	0.47452136103814546	0.211160827321478
0.0	0.0	0.0	1.0
14	50	55
0.8949910593083343	-0.10024117938808763	0.4346754073018519	-2.3577070090928274
0.22685149645877872	0.9412931488406199	-0.2500112127487947	-0.1859195063957647
-0.3840955640365545	0.32236456675725894	0.8651888139515248	0.6464377719733867
0.0	0.0	0.0	1.0
14	52	55
0.2493082472438285	-0.24441352930368176	0.9370738629102449	-2.4553886114276406
0.42442738182373907	0.89732362520249	0.12112683109743608	-0.016207292959685926
-0.8704635520310178	0.36752188825535126	0.32744597453437224	0.2570488742061232
0.0	0.0	0.0	1.0
15	17	55
0.8706258266060067	0.19679094467846742	-0.45087026309035183	-0.3437905537596473
-0.18765653083636963	0.9800549722100891	0.0654009012226929	0.3297830395703877
0.45474794829780746	0.027669035741031724	0.8901902762781089	-0.6724270216050794
0.0	0.0	0.0	1.0
15	26	55
0.5341869542490109	-0.4799408214739962	0.6959174561634673	0.13880520731112767
0.4383241667515303	0.8611593725996628	0.25744214850201197	-0.20058338556673222
-0.7228528361649703	0.16751520189708452	0.6703897630346374	0.6731436574165879
0.0	0.0	0.0	1.0
15	48	55
-0.08706286678678436	-0.3759485436153811	0.9225414623638014	-2.158743554081938
0.4978399987100297	0.7857105543218177	0.3671706149894084	-0.3351197859719024
-0.8628878217423539	0.491244966773988	0.1187560091446277	1.087976633012937
0.0	0.0	0.0	1.0
15	50	55
0.6723882231892044	-0.1146798990282066	0.7312609644137622	-2.1375291264312257
0.33462930396344526	0.9283017978060681	-0.1621079921501792	-0.5682062009500688
-0.6602403397592467	0.353700852344043	0.6625544512005728	1.4170757399031912
0.0	0.0	0.0	1.0
15	52	55
-0.1652278938465067	-0.18666199384655366	0.9684301952894057	-2.488658603014885
0.40580630900841685	0.8820872032694544	0.23925594119527693	-0.38776146052546545
-0.8988998735476679	0.4325268383366538	-0.06999679603014591	1.310197935895127
0.0	0.0	0.0	1.0
16	21	55
0.7648602037803685	0.272399836274162	-0.5837698158271473	-0.4082833140037435
-0.25810269398722097	0.959866205454685	0.10972632766370366	0.1872268923304471
0.5902303516675423	0.06674726079647858	0.8044705930899991	-0.4662656652951167
0.0	0.0	0.0	1.0
16	25	55
0.7049158130688664	-0.5515907426466568	0.445916302810258	0.143565642599506
0.36515536859670694	0.821183262346515	0.43854259362910064	-0.3417880213202794
-0.6080750391772902	-0.14630687703742612	0.780281388001209	0.9259915022478322
0.0	0.0	0.0	1.0
16	47	55
-0.5265653169538577	-0.32301575198796073	0.786377638891733	-2.0265813171153946
0.4218920110680408	0.7037722875952399	0.5715869996858991	-0.5952687434225934
-0.7380623943666608	0.6327443331872805	-0.23430431246807273	1.5020233492361519
0.0	0.0	0.0	1.0
16	50	55
0.5650630089784778	-0.1165043325593095	0.8167805925578167	-1.6807450570605247
0.3915093773547622	0.9092831737872549	-0.14115423235122507	-0.8869556582809128
-0.7262397698608052	0.3995382964901951	0.5594148248931542	1.9815488596347446
0.0	0.0	0.0	1.0
16	52	55
-0.27048974548568366	-0.19813813551015208	0.9421128259628202	-2.0308102768811
0.43360318066805115	0.8486437346514445	0.3029720999554227	-0.7267605491718236
-0.8595484740848768	0.49045396409185055	-0.14363610202505026	1.8206985530672573
0.0	0.0	0.0	1.0
17	18	55
0.7775197076304734	0.2211892220359159	-0.5886751500627236	-0.19407743355569718
-0.26148469098451166	0.9650536092192705	0.017242033336993354	0.0667635392023182
0.5719168301658539	0.14052351898527832	0.808185795461066	-0.18044882965546982
0.0	0.0	0.0	1.0
17	23	55
0.9108956910110138	-0.2016549304977616	0.36000601259355414	0.5142924030188231
0.20577623646807158	0.978218684717389	0.027282693686997483	-0.31654710879574066
-0.35766629782886167	0.04922899425871902	0.9325509774385905	0.7129611158159799
0.0	0.0	0.0	1.0
17	34	55
-0.8775898010500119	0.29151350023796985	-0.3805995536939178	0.7435748872433088
-0.13049080392090387	0.618665014861932	0.7747423761986707	-0.9147789471527652
0.4613114904108488	0.7295707495266609	-0.5048942763094358	2.1915793397963736
0.0	0.0	0.0	1.0
17	47	55
-0.7655113583198477	-0.19923609674137505	0.6117984455999886	-1.0059776601711183
0.3385962053385403	0.6837999002130025	0.6463515345375368	-0.9060536004271518
-0.5471242729157995	0.7019420732681216	-0.45599600410794006	2.263937761155422
0.0	0.0	0.0	1.0
17	53	55
-0.9021657695334313	-0.07121320903905277	0.4254710367821897	-1.2673615247441368
0.22182638276669678	0.7693143707515453	0.5991230715502425	-0.9706051523232602
-0.3699864594695245	0.6348890279517472	-0.6782521227358536	2.48553066918136
0.0	0.0	0.0	1.0
18	21	55
0.9346295110888287	-0.14577874885185316	0.324370518674318	0.014220909657547187
0.11270316206280959	0.9865222907181441	0.11862447967122486	-0.01161529246836343
-0.3372916753536938	-0.07431235630373462	0.9384625722092949	0.10099158004267483
0.0	0.0	0.0	1.0
18	34	55
-0.397471228510026	0.4636266598820381	-0.7918755854004819	2.3693910357935972
-0.27722874823577565	0.7619728952150214	0.5852704743187236	-0.38630160787930345
0.8747347275936611	0.452158851737156	-0.1743316641846244	1.42013965306282
0.0	0.0	0.0	1.0
18	35	55
-0.2018595688435571	0.28786359485570345	-0.9361555774672525	1.9325884000069204
-0.3069181853017619	0.8890960044173495	0.3395725584616318	-0.35917434247690316
0.9300827608322639	0.3558691412385408	-0.09112196396466107	1.192204538297959
0.0	0.0	0.0	1.0
18	43	55
-0.5608756850047909	0.6319807099516829	-0.5348073000804804	0.8806979887532467
-0.23845064989457654	0.4952927571080443	0.8353600255705114	-1.4817407182552407
0.7928176042036784	0.5960582748400349	-0.12710145341207124	3.319180535310136
0.0	0.0	0.0	1.0
18	44	55
-0.3935649150303513	0.5235866578098689	-0.7556213796741361	0.9361487766708183
-0.12557785700914434	0.7836307161713231	0.6084020894949409	-1.4087670592569328
0.9106793395516035	0.3343350302261353	-0.24265866577879636	3.341524594049796
0.0	0.0	0.0	1.0
18	46	55
-0.9475501522662169	0.12376214573087926	-0.2946720893202456	0.7753410125728966
-0.09617509800228904	0.7688358957351917	0.6321722201689318	-0.9559767322080386
0.30479347018025177	0.6273550005484573	-0.7166077335769732	2.9062829058846997
0.0	0.0	0.0	1.0
18	53	55
-0.9725870550707751	0.0877835426423516	-0.21533339255655634	0.991717100046924
-0.05432175356786456	0.8146211564521555	0.5774439527346924	-0.8612832413742924
0.22610521311564247	0.5733118009440514	-0.787521435581419	2.809592162883856
0.0	0.0	0.0	1.0
18	54	55
-0.8743962781521727	0.2028104666647991	-0.4407936743702612	0.8346431575782938
-0.13080615188824155	0.7762920381273339	0.61665259439031	-0.9047171228870965
0.4672482203088842	0.5968572577688205	-0.6522580121906245	3.0122343364410717
0.0	0.0	0.0	1.0
19	35	55
0.43815990523820114	0.2311283174443316	-0.8686746216604935	2.473445237315492
-0.22448245380973392	0.9638939623233915	0.14323427427844465	0.3803229952563971
0.8704157198564435	0.13224269458788415	0.4742239390361098	-0.3558831682870949
0.0	0.0	0.0	1.0
19	44	55
0.22364671969619987	0.4559092163517234	-0.8614690541248055	3.1475386393870193
-0.10030430151626946	0.8899298957039716	0.4449312619154245	-0.6530519210250236
0.9694953284397313	-0.013098365465805326	0.2447595574347636	1.9927772804667536
0.0	0.0	0.0	1.0
19	45	55
0.015463248653770106	0.3641479625130029	-0.9312127304427817	3.1036244361132055
-0.2345218376270221	0.9066648329452212	0.350654229086801	-0.40826976913716095
0.9719878577518939	0.2129674672292528	0.09942063309414612	1.929900014585037
0.0	0.0	0.0	1.0
19	54	55
-0.41192947389549545	0.35310154828636414	-0.8400198837729694	2.740281835810207
-0.19852889265467225	0.8649434494601462	0.4609328671480188	-0.2125294537809116
0.8893258049317415	0.35664005079877986	-0.28619484070953083	1.7988016441973564
0.0	0.0	0.0	1.0
20	21	55
0.8763211547169129	-0.20921300817234512	0.4339252827470341	0.13557396125975274
0.07490772720051066	0.9489928096638752	0.3062702721648275	0.08772548198770724
-0.4758676982116657	-0.23588676185352556	0.8472941457256669	-0.03694694933684595
0.0	0.0	0.0	1.0
20	34	55
-0.25237014043953576	0.47104441777098355	-0.8452375220618897	2.6470227662274195
-0.10220558494571261	0.855649658760658	0.5073634593352914	0.05395765846215839
0.9622179226248245	0.2144313828467364	-0.16779705429477204	0.9717410005503062
0.0	0.0	0.0	1.0
20	35	55
-0.05822432973538102	0.27953089934186803	-0.9583696592338428	2.174263164899074
-0.14233266049993565	0.947866580859231	0.2851146412326818	0.025312404503792463
0.9881049241765144	0.15300791222468613	-0.015402519753828205	0.7983159941095135
0.0	0.0	0.0	1.0
20	37	55
0.9568280470568333	0.03672184727996351	-0.28832550060262574	1.2030674947855025
0.03678904211956205	0.9687073975896265	0.2454639367301418	-0.09820108314030274
0.28831693454483837	-0.24547399819019747	0.9255354458188982	1.8505730847670114
0.0	0.0	0.0	1.0
20	43	55
-0.4256130803348316	0.6873146908162625	-0.5886017513022216	1.4952538163250342
-0.09070654769386348	0.6147763695428214	0.783468147187369	-0.7231756267570035
0.9003476151206032	0.38684432429582594	-0.19931292157496683	3.227907504902009
0.0	0.0	0.0	1.0
20	44	55
-0.2525520169973713	0.5293179239090426	-0.809962970844458	1.5352251579312468
0.047717314029025626	0.8428938249794092	0.5359599404371908	-0.6479188826135951
0.9664059895573991	0.09670850655553614	-0.23813216520953884	3.240897155838018
0.0	0.0	0.0	1.0
20	45	55
-0.45635888311301825	0.3402764761370972	-0.8221608660058911	1.588941059789334
-0.058825612921348386	0.9104289636736163	0.4094614137725453	-0.3808979538947417
0.8878491522033825	0.23522547032985947	-0.3954653727443529	3.172783575875255
0.0	0.0	0.0	1.0
20	46	55
-0.8920246364374866	0.174253605717332	-0.4170464349243121	1.286416667001968
-0.05333256278805469	0.8756713817219395	0.4799534029253764	-0.29649897779809165
0.44882923894843135	0.45037241492757857	-0.7718270545512596	2.743451416506457
0.0	0.0	0.0	1.0
20	53	55
-0.9234370563888501	0.13323911566939872	-0.3598768413548316	1.503520216980986
-0.02611910278628278	0.9137929957822603	0.40533955312666126	-0.20530139148447768
0.38286002057871443	0.38370522398700585	-0.8403502280165974	2.601414935489543
0.0	0.0	0.0	1.0
20	54	55
-0.7959435217983954	0.2270740698609766	-0.5611695616335035	1.376630557797687
-0.06425316890416653	0.8900600402540674	0.45129220581426005	-0.17871408991569437
0.6019513604876551	0.39526003028348333	-0.6938472944873103	2.8511447269574157
0.0	0.0	0.0	1.0
21	34	55
-0.6716150273053179	0.3808690996846248	-0.63550923203609	1.7386942749789438
-0.28300304565715	0.6608361221638016	0.6951294093852496	-0.777747321465283
0.6847207688148902	0.6467104054744539	-0.33604035502393637	1.8643306949010798
0.0	0.0	0.0	1.0
21	35	55
-0.5401201408700189	0.2565804132760207	-0.8015215062302817	1.3764054980675429
-0.3347191348263173	0.8083316180072813	0.48431714414302235	-0.7108574649784729
0.7721614689996353	0.5298740292303805	-0.3507138134426542	1.572976705535499
0.0	0.0	0.0	1.0
21	36	55
0.258725485437318	0.32677238569398553	-0.908999962119407	0.6054289105800414
-0.39204615084442207	0.8955719536675357	0.21035848310012456	-0.5804476521592539
0.8828142153325901	0.30194483561070146	0.35981714447025703	1.384851415901489
0.0	0.0	0.0	1.0
21	43	55
-0.8061223217909085	0.4621352389129867	-0.3695914274780645	-0.411422916749554
-0.2122174847840637	0.35725327065531404	0.9095789354190251	-1.8067104609813398
0.5523862249027959	0.8116656464092332	-0.18991665797586155	3.10446485294436
0.0	0.0	0.0	1.0
21	45	55
-0.8342581045226598	0.2354305921100112	-0.49858384584439613	-0.28820491563603345
-0.18409619732883784	0.7334280981708219	0.6543636717778525	-1.5210333033124874
0.5197326285382909	0.6376955865554196	-0.5685264582413199	3.188996868982387
0.0	0.0	0.0	1.0
21	46	55
-0.9995659687299248	-0.0029312021396201426	0.029313515842083443	-0.3188622476931496
0.01919250433276129	0.6901046781178768	0.7234550304042805	-1.2511139328785297
-0.022349987347744266	0.7237036280783995	-0.6897488939981837	2.7287184070910375
0.0	0.0	0.0	1.0
21	47	55
0.9821632293196436	0.034031806343925386	-0.1849249229535606	2.491496359657062
-0.0433247805784186	0.9979808548261322	-0.046445417301773664	0.5073459605627172
0.18297091124067402	0.053628812754652436	0.9816545197177493	-0.6741201411178248
0.0	0.0	0.0	1.0
21	53	55
-0.9940654381980291	-0.010300257306986992	0.10829501040939384	-0.05321641932573948
0.06432609181743026	0.7471560078312033	0.6615285737390602	-1.175386728716924
-0.0877271821709578	0.6645688863174002	-0.7420593890297426	2.7187767676222077
0.0	0.0	0.0	1.0
21	54	55
-0.9874594245581299	0.08333222361554464	-0.13408812534529937	-0.2822286502460266
-0.038746398226552126	0.6954417546977985	0.7175370948231992	-1.1966004838554947
0.15304444281252833	0.713734198655309	-0.683491691386272	2.865689955625269
0.0	0.0	0.0	1.0
22	24	55
0.8001165184647754	-0.21323136514127922	0.5606656238791471	0.6118115949589433
0.3546314353420325	0.9219956287398701	-0.15543682205906667	-0.6433380342059737
-0.48378724864040856	0.3231972238503275	0.8133224775870791	0.8798350159854835
0.0	0.0	0.0	1.0
22	33	55
-0.9964889037763709	0.07380394732598228	0.03953279663357992	0.843519961291516
0.06278046781716473	0.34626980305608684	0.9360319633175769	-1.2218785301021837
0.05539384001155978	0.9352273524927529	-0.34968746279809787	1.8492300586718153
0.0	0.0	0.0	1.0
22	47	55
-0.6993315858773613	-0.2222666635565045	0.6793621002570831	-1.2860195015158928
0.4841822748615344	0.5518746598673867	0.678971195638052	-1.1929387792590265
-0.5258353903116119	0.8037610901677912	-0.27832580230391735	1.8198044345636868
0.0	0.0	0.0	1.0
22	48	55
-0.4529904261041617	-0.2758886739753986	0.8477529790157426	-0.9677163878439659
0.6125333113354272	0.5946095096585522	0.520809440705592	-1.2871347934353434
