0	1	37
0.9614259004592896	0.040950894355773926	0.2719985246658325	-0.11162003874778748
0.025172675028443336	0.9716070294380188	-0.23525795340538025	0.02525007724761963
-0.27390965819358826	0.23302990198135376	0.9330973029136658	-0.10666942596435547
0.0	0.0	0.0	1.0
0	12	37
0.9966055154800415	-0.0458756759762764	-0.0683588981628418	-0.9709250926971436
0.049952633678913116	0.9969971179962158	0.05917312204837799	-0.0660572350025177
0.06543922424316406	-0.062386900186538696	0.9959046244621277	0.6116137504577637
0.0	0.0	0.0	1.0
2	3	37
0.6725149154663086	-0.3031526803970337	0.6751459836959839	-0.19247281551361084
0.3003271818161011	0.9455550312995911	0.12541460990905762	0.009065799415111542
-0.6764073967933655	0.11842149496078491	0.7269450426101685	0.013361930847167969
0.0	0.0	0.0	1.0
3	4	37
0.8809937238693237	0.12075529992580414	0.4574582278728485	-0.20215940475463867
0.11306628584861755	0.885131299495697	-0.4513963460922241	0.08108001947402954
-0.4594191014766693	0.4494003653526306	0.7661418914794922	-0.22678780555725098
0.0	0.0	0.0	1.0
4	5	37
0.9794504642486572	-0.13070617616176605	0.15359877049922943	-0.056397318840026855
0.043765246868133545	0.8811731338500977	0.4707638621330261	0.08191382884979248
-0.19687889516353607	-0.45436757802963257	0.8687859177589417	-0.022290468215942383
0.0	0.0	0.0	1.0
5	6	37
0.7913359999656677	-0.3510309159755707	0.5005643367767334	0.05433368682861328
0.3322219252586365	0.9342095255851746	0.12992773950099945	0.00404154509305954
-0.5132404565811157	0.06348198652267456	0.8558937311172485	0.057858943939208984
0.0	0.0	0.0	1.0
6	7	37
0.8114050626754761	-0.3562110662460327	0.4633956849575043	0.045551836490631104
0.3671123683452606	0.9275259375572205	0.07017393410205841	0.16127105057239532
-0.45480817556381226	0.11317908763885498	0.8833686113357544	-0.3185617923736572
0.0	0.0	0.0	1.0
7	8	37
0.8300381898880005	-0.1358289271593094	0.5409132242202759	0.005899012088775635
0.2872912287712097	0.9354392290115356	-0.20595337450504303	0.14068935811519623
-0.4780171513557434	0.3263487219810486	0.8154729604721069	-0.25373411178588867
0.0	0.0	0.0	1.0
8	9	37
0.9498833417892456	0.10377344489097595	0.29487818479537964	-0.15141326189041138
0.06802083551883698	0.8520779609680176	-0.5189764499664307	-0.06331092119216919
-0.30511510372161865	0.5130248665809631	0.8023157119750977	-0.024252891540527344
0.0	0.0	0.0	1.0
8	10	37
0.7119224667549133	-0.3416683077812195	0.6135380268096924	-0.2673523426055908
0.3294731080532074	0.9340479373931885	0.13784822821617126	-0.016769979149103165
-0.6201723217964172	0.10400708019733429	0.7775403261184692	0.1582186222076416
0.0	0.0	0.0	1.0
8	15	37
0.9101480841636658	-0.28285640478134155	0.3026917278766632	0.11145293712615967
0.2198612540960312	0.9490472674369812	0.22576703131198883	-0.2756384015083313
-0.3511284589767456	-0.1389313042163849	0.9259628057479858	0.7786639928817749
0.0	0.0	0.0	1.0
8	16	37
0.9347855448722839	-0.21724678575992584	0.2810332477092743	0.6206159591674805
0.2028985470533371	0.9759628772735596	0.07955636084079742	-0.5837819576263428
-0.2915613651275635	-0.017346739768981934	0.9563946723937988	1.0427615642547607
0.0	0.0	0.0	1.0
10	14	37
0.7489877939224243	-0.29228806495666504	0.5946305394172668	-0.4701091945171356
0.34272122383117676	0.9389629364013672	0.029856353998184204	-0.16357599198818207
-0.5670626163482666	0.18143035471439362	0.8034448623657227	0.3390181064605713
0.0	0.0	0.0	1.0
10	15	37
0.9338863492012024	0.19177260994911194	-0.30179426074028015	-0.17101016640663147
-0.12862025201320648	0.9676840305328369	0.21689796447753906	-0.3235306739807129
0.33363670110702515	-0.16374129056930542	0.9283725023269653	0.6929483413696289
0.0	0.0	0.0	1.0
10	16	37
0.9199291467666626	0.18807870149612427	-0.3440302014350891	-0.14357447624206543
-0.17278841137886047	0.9821088314056396	0.07487930357456207	-0.696665346622467
0.3519580364227295	-0.009439093992114067	0.9359681606292725	1.147927165031433
0.0	0.0	0.0	1.0
11	12	37
0.8547040224075317	0.006329625844955444	0.519077479839325	-0.3463350534439087
0.18577608466148376	0.929972231388092	-0.31723591685295105	0.10603463649749756
-0.48473602533340454	0.3675747513771057	0.7936750054359436	-0.19740593433380127
0.0	0.0	0.0	1.0
11	13	37
0.7984437942504883	-0.09180396795272827	0.5950290560722351	-0.3576277494430542
0.3125903606414795	0.9078731536865234	-0.2793805003166199	0.21649174392223358
-0.5145626664161682	0.4090699255466461	0.7535825967788696	-0.4301344156265259
0.0	0.0	0.0	1.0
12	13	37
0.9900078773498535	-0.10878013074398041	0.08973194658756256	0.1261993646621704
0.10753512382507324	0.9940274357795715	0.018608272075653076	0.016630351543426514
-0.09122033417224884	-0.00877329707145691	0.9957921504974365	-0.22487115859985352
0.0	0.0	0.0	1.0
14	15	37
0.4721006155014038	0.5816330909729004	-0.662437915802002	-0.06336116790771484
-0.35962623357772827	0.8131493926048279	0.45766526460647583	-0.15113556385040283
0.8048543334007263	0.022165728732943535	0.5930585861206055	0.39984452724456787
0.0	0.0	0.0	1.0
15	16	37
0.9988962411880493	0.03478056937456131	-0.031560659408569336	0.25703850388526917
-0.039797618985176086	0.9836596250534058	-0.17558248341083527	-0.4115661680698395
0.02493816614151001	0.1766444593667984	0.9839585423469543	0.3372809886932373
0.0	0.0	0.0	1.0
16	17	37
0.6915289163589478	-0.44093427062034607	0.5721577405929565	-0.07643425464630127
0.4085143208503723	0.8919717669487	0.19365538656711578	-0.16641828417778015
-0.5957379341125488	0.0998162031173706	0.7969523668289185	0.41208112239837646
0.0	0.0	0.0	1.0
17	18	37
0.9552499651908875	0.21371246874332428	-0.20451053977012634	-0.047936081886291504
-0.2799571752548218	0.8764248490333557	-0.3917948007583618	-0.34515297412872314
0.09550654888153076	0.4315163791179657	0.8970351219177246	0.400958776473999
0.0	0.0	0.0	1.0
17	19	37
0.9242641925811768	0.2133002132177353	-0.31660524010658264	-0.05512981116771698
-0.30119436979293823	0.91701340675354	-0.2614738345146179	-0.7145704030990601
0.2345588207244873	0.33703067898750305	0.9118073582649231	0.8367253541946411
0.0	0.0	0.0	1.0
18	19	37
0.9893632531166077	-0.009025667794048786	-0.14518453180789948	0.1379641592502594
0.020493116229772568	0.9967671632766724	0.07768517732620239	-0.11365112662315369
0.14401397109031677	-0.0798344612121582	0.9863499402999878	0.5247300863265991
0.0	0.0	0.0	1.0
19	20	37
0.7694413661956787	-0.5002942681312561	0.39707157015800476	0.10743558406829834
0.3568294644355774	0.8523097634315491	0.3824158012866974	-0.09904265403747559
-0.5297482013702393	-0.15255951881408691	0.8343217372894287	0.4679058790206909
0.0	0.0	0.0	1.0
20	21	37
0.3702142834663391	-0.556298017501831	0.743958055973053	-0.125433087348938
0.7250176668167114	0.6737232804298401	0.14299054443836212	-0.19010944664478302
-0.5807672739028931	0.48644569516181946	0.6527479290962219	0.20764482021331787
0.0	0.0	0.0	1.0
21	22	37
0.9434199929237366	-0.050570495426654816	0.32772138714790344	-0.20316097140312195
0.1785619854927063	0.9102530479431152	-0.37357041239738464	-0.10304421186447144
-0.2794176936149597	0.41095250844955444	0.8677809238433838	0.030951976776123047
0.0	0.0	0.0	1.0
21	28	37
0.6046054363250732	-0.44452351331710815	0.6609472036361694	0.06282252073287964
0.5517629384994507	0.8321877717971802	0.054964154958724976	-0.5070884227752686
-0.5744654536247253	0.331454336643219	0.7484166622161865	0.574588418006897
0.0	0.0	0.0	1.0
22	23	37
0.987907350063324	0.12373477965593338	-0.09342921525239944	-0.059371523559093475
-0.15462389588356018	0.830692708492279	-0.5348281860351562	-0.12328669428825378
0.011434085667133331	0.5428071022033691	0.8397796154022217	0.2461223602294922
0.0	0.0	0.0	1.0
22	29	37
0.9646180868148804	0.17556846141815186	-0.1966906636953354	0.05911213159561157
-0.14822834730148315	0.9780992269515991	0.14611661434173584	-0.3626246452331543
0.2180364429950714	-0.11179167032241821	0.9695166945457458	0.9561009407043457
0.0	0.0	0.0	1.0
23	28	37
0.7708838582038879	-0.5243862271308899	0.361604779958725	0.10545624792575836
0.03399781137704849	0.6007526516914368	0.7987115383148193	0.2152169942855835
-0.6360684633255005	-0.6034198999404907	0.48093828558921814	0.4120250940322876
0.0	0.0	0.0	1.0
23	29	37
0.9771661758422852	0.01398392766714096	-0.21201558411121368	0.1625964343547821
0.12368561327457428	0.7739070057868958	0.6211037039756775	0.19965896010398865
0.17276576161384583	-0.6331450939178467	0.7545061111450195	0.7072227001190186
0.0	0.0	0.0	1.0
23	30	37
0.8571684956550598	-0.11205258220434189	-0.5026990175247192	0.27144086360931396
0.1851535141468048	0.9778357148170471	0.0977497547864914	0.11755400896072388
0.4806040823459625	-0.1768644154071808	0.858917236328125	0.6545920372009277
0.0	0.0	0.0	1.0
24	27	37
0.8553729057312012	0.18263593316078186	0.4847482740879059	-0.07630568742752075
0.19458355009555817	0.7539718747138977	-0.627426266670227	0.005766049027442932
-0.48007720708847046	0.6310074925422668	0.6093895435333252	-0.17507410049438477
0.0	0.0	0.0	1.0
24	28	37
0.9552304148674011	-0.18342405557632446	0.2321433126926422	0.04911160469055176
0.13284161686897278	0.9669933915138245	0.21743205189704895	0.03732684254646301
-0.26436322927474976	-0.17685940861701965	0.9480679035186768	0.027066826820373535
0.0	0.0	0.0	1.0
25	27	37
0.932244062423706	0.04785767197608948	-0.3586515486240387	0.08451265841722488
-0.29735928773880005	0.6660760641098022	-0.6840470433235168	-0.0035167038440704346
0.20615199208259583	0.744347095489502	0.6351762413978577	-0.21904420852661133
0.0	0.0	0.0	1.0
26	27	37
0.758513867855072	-0.15048068761825562	-0.6340441703796387	0.16872769594192505
-0.06991627812385559	0.9485638737678528	-0.3087688684463501	0.005379438400268555
0.647895097732544	0.27853548526763916	0.7089779376983643	-0.013565480709075928
0.0	0.0	0.0	1.0
28	29	37
0.6456137299537659	0.43511801958084106	-0.6275787353515625	-0.13565903902053833
-0.5465101003646851	0.8372528553009033	0.018275797367095947	-0.21051117777824402
0.5333943963050842	0.3311791718006134	0.7783384323120117	0.15152597427368164
0.0	0.0	0.0	1.0
28	30	37
0.38213616609573364	0.04557940363883972	-0.922981321811676	-0.026186823844909668
-0.6182258725166321	0.7549677491188049	-0.2186778336763382	-0.2557533085346222
0.6868540644645691	0.6541758179664612	0.3166787028312683	0.10013866424560547
0.0	0.0	0.0	1.0
29	30	37
0.9512811303138733	-0.02673809975385666	-0.307163804769516	0.06228750944137573
-0.13104984164237976	0.8667019009590149	-0.4813041687011719	-0.012980401515960693
0.2790886461734772	0.49810928106307983	0.8209729790687561	-0.12131989002227783
0.0	0.0	0.0	1.0
30	31	37
0.9507400393486023	0.22365640103816986	-0.21464234590530396	-0.07612156867980957
0.06025493144989014	0.5458773374557495	0.8356958627700806	0.23295724391937256
0.3040770888328552	-0.8074629306793213	0.5055108070373535	0.528846263885498
0.0	0.0	0.0	1.0
31	32	37
0.769239604473114	0.38791054487228394	-0.5077359676361084	-0.002740323543548584
-0.5519932508468628	0.8036751747131348	-0.22228306531906128	-0.37971705198287964
0.32182884216308594	0.45125555992126465	0.8323427438735962	0.09289991855621338
0.0	0.0	0.0	1.0
31	33	37
0.519357442855835	0.269941508769989	-0.8108017444610596	0.2691646218299866
-0.6394043564796448	0.7522227168083191	-0.1591305285692215	-0.6239482164382935
0.5669476985931396	0.6010759472846985	0.5632742643356323	0.20083940029144287
0.0	0.0	0.0	1.0
31	34	37
-0.2252175211906433	-0.13050046563148499	0.9655291438102722	-2.3156704902648926
0.722865879535675	0.6420578956604004	0.2553945779800415	-0.585890531539917
-0.6532547473907471	0.7554675340652466	-0.050268322229385376	1.7425767183303833
0.0	0.0	0.0	1.0
32	33	37
0.9055246114730835	0.10737498849630356	-0.41048210859298706	0.22990697622299194
-0.19035130739212036	0.9674333333969116	-0.16685113310813904	-0.03651116415858269
0.37919825315475464	0.2292235791683197	0.8964738845825195	-0.04030609130859375
0.0	0.0	0.0	1.0
32	34	37
-0.8446011543273926	-0.23129071295261383	0.4828597903251648	-0.9972522854804993
0.3787476420402527	0.3793295919895172	0.8441914319992065	-0.9235992431640625
-0.37841659784317017	0.895887017250061	-0.23278146982192993	2.240995407104492
0.0	0.0	0.0	1.0
32	35	37
0.4877435564994812	0.39067214727401733	-0.7806931734085083	0.3777482509613037
-0.5272838473320007	0.8445614576339722	0.0932086706161499	-0.37570586800575256
0.6957574486732483	0.366184800863266	0.6179245710372925	0.05394423007965088
0.0	0.0	0.0	1.0
32	36	37
-0.6672529578208923	-0.14302252233028412	0.7309705018997192	-1.1864113807678223
0.3940252363681793	0.7650416493415833	0.5093677639961243	-1.0284546613693237
-0.6320738792419434	0.627898097038269	-0.4541219472885132	2.25071120262146
0.0	0.0	0.0	1.0
33	34	37
0.9195647835731506	0.21171952784061432	-0.33102285861968994	0.0957787036895752
0.0037597939372062683	0.8376484513282776	0.5461972951889038	0.07546532154083252
0.39292141795158386	-0.5035079717636108	0.7694756388664246	0.2595630884170532
0.0	0.0	0.0	1.0
33	35	37
0.8333432674407959	0.0429791696369648	-0.5510825514793396	0.23547041416168213
-0.09514515101909637	0.9932454824447632	-0.06641405820846558	0.023084819316864014
0.5445057153701782	0.10777853429317474	0.8318036198616028	0.10976254940032959
0.0	0.0	0.0	1.0
33	36	37
0.8543192148208618	0.24626223742961884	-0.45770496129989624	0.3106353282928467
-0.16928350925445557	0.9644482135772705	0.20293600857257843	-0.07749432325363159
0.4914083182811737	-0.09589006751775742	0.8656346797943115	0.056534528732299805
0.0	0.0	0.0	1.0
34	35	37
0.9837176203727722	0.0897178202867508	-0.15572375059127808	-0.0016105175018310547
-0.16422352194786072	0.8007205724716187	-0.576087474822998	0.0018897056579589844
0.07300591468811035	0.5922809839248657	0.8024171590805054	-0.2020167112350464
0.0	0.0	0.0	1.0
34	36	37
0.9849821329116821	0.098507821559906	-0.1417965590953827	-0.03924618661403656
-0.14907898008823395	0.8995165228843689	-0.410663902759552	0.015307396650314331
0.0870947390794754	0.42563557624816895	0.9006932973861694	-0.15836501121520996
0.0	0.0	0.0	1.0
35	36	37
0.9999534487724304	-4.419684410095215e-05	-0.009694710373878479	-0.03462798520922661
0.0019659772515296936	0.9801384210586548	0.19830450415611267	0.019024282693862915
0.009493425488471985	-0.198314368724823	0.9800925850868225	0.035452961921691895
0.0	0.0	0.0	1.0
