0	11	37
0.8149272349310057	0.174288922888476	-0.5527358981702581	-0.8150611733356541
0.0649681041624583	0.9202281005504241	0.3859525727325782	-0.03331536526823742
0.5759103638668466	-0.3504334663181224	0.7385957205907865	0.985279353045764
0.0	0.0	0.0	1.0
0	27	37
-0.7372792929965384	-0.550308919588503	-0.39189199677954617	1.1096650613712216
0.1664139397787217	-0.7101344849783948	0.6841165206978954	-1.7511462901080765
-0.6547714446781019	0.43916865355556167	0.6151465264214262	0.04507997348339998
0.0	0.0	0.0	1.0
1	11	37
-0.673427496207735	-0.28481957033154504	0.6821826879271671	-0.5147545457901008
0.027413442370626	0.9125435943252159	0.4080596667564769	0.6433627050368723
-0.7387448209827074	0.2934995754889072	-0.6067240630295272	4.544011023960695
0.0	0.0	0.0	1.0
1	12	37
0.9382873010828122	0.023836701262218707	-0.34503442190550926	-1.005530833900139
0.08731164080817427	0.9489837243122714	0.30299598738233613	0.022904777055236636
0.33465447555070504	-0.31442280875176365	0.8883381559578172	0.44674220817388344
0.0	0.0	0.0	1.0
1	13	37
0.9598198941945876	-0.10388793646812204	-0.26067809145512705	-0.7866417260525915
0.17906908980220987	0.9419757973387917	0.2839293192070109	0.06711170656192689
0.21605562197198253	-0.31920039768826103	0.9227302283603575	0.2569361529699914
0.0	0.0	0.0	1.0
3	5	37
0.7714956174681402	-0.23249271781990435	0.592234453901636	-0.2809798563288477
0.24918509921620627	0.9668949703493449	0.05496273866676171	0.13220698298171443
-0.5854069512365422	0.10517248914928179	0.8038889531335047	-0.16952798092973875
0.0	0.0	0.0	1.0
5	7	37
0.2702714064920416	-0.550719055446111	0.7897226657513112	-0.15179163880765323
0.5678872985824974	0.7535556557335353	0.33114632690198326	0.1427344013120937
-0.7774685736037739	0.3589740877564084	0.5164109036203318	-0.21495619812059585
0.0	0.0	0.0	1.0
8	14	37
0.07063932890856493	-0.4297884733611619	0.9001621817079577	-0.29101855198343896
0.5027454241967463	0.7947579455516567	0.34001006813290785	-0.26317564788157133
-0.8615434543077793	0.42853433485357145	0.27221535627334803	0.6655386610051945
0.0	0.0	0.0	1.0
8	16	37
0.9344385780184685	-0.2125388395169225	0.2857477657088875	0.6185790191576553
0.19649195459905028	0.9768958966040071	0.08405545179283341	-0.5869039207000348
-0.2970108679638951	-0.022397519841544145	0.95461138449962	1.0553400611723143
0.0	0.0	0.0	1.0
9	10	37
0.8846717995937085	-0.32355880426706846	0.3356568294924062	-0.1069110435109989
0.06669068176593781	0.800385540796052	0.5957644996558668	0.15804434712559545
-0.4614197221285884	-0.5046708692463593	0.7296568739927692	0.08752922480330905
0.0	0.0	0.0	1.0
9	15	37
0.9854618596833723	-0.16880933307074142	-0.019191982117579554	0.06101269842047041
0.13237008795398864	0.6920657938046625	0.7095936138809137	0.2716739190186228
-0.10650391037160656	-0.701817886715446	0.70434975045202	0.8486443691607182
0.0	0.0	0.0	1.0
9	16	37
0.9928068452138923	-0.11675486537629132	-0.026511686242167765	0.39159656072388127
0.11179381550228151	0.8247458577035425	0.5543432267253664	0.2741688678063857
-0.042856865399615016	-0.5533195926513113	0.8318658049687501	1.339723936773874
0.0	0.0	0.0	1.0
10	11	37
0.695387067642436	-0.28912135769177766	0.6579100749206669	-0.12046012594200728
0.3671536511556456	0.9299322876037392	0.02059458460749336	-0.1217649183438703
-0.6177661552713395	0.22723287833968828	0.7528148486864001	0.18554096670427844
0.0	0.0	0.0	1.0
10	13	37
0.1628028239032007	-0.05477415009198339	0.9851370630581534	-0.6839780503200499
0.5895219814740216	0.8060373809185122	-0.05260773632241467	0.008755401894540438
-0.7911757541078257	0.5893246414699846	0.1635157272808554	0.09180812075189837
0.0	0.0	0.0	1.0
10	17	37
0.919021989095031	-0.2854359687251925	0.2718913226230745	-0.3777344225351633
0.23920475880031875	0.9520169687633568	0.19090514543592446	-0.8741366010105887
-0.31333634791880627	-0.11040832823904713	0.9432021703369663	1.4857055158914498
0.0	0.0	0.0	1.0
11	14	37
0.9958685882903013	0.044598233480094784	-0.07909963607462314	-0.33557926602249083
-0.041047796139728754	0.9980996590152011	0.04595812339305427	0.0782405603149956
0.08099897091169832	-0.04252138572759434	0.9958067575925819	-0.11094040649334769
0.0	0.0	0.0	1.0
11	27	37
-0.9766084397415975	-0.06199968775582544	-0.205893161964316	1.5877362819638154
0.04693394773448627	-0.9959047663374924	0.07727160498088667	-0.06445078088149736
-0.20984079673776668	0.06580072267419157	0.9755188900887639	-2.286513827752753
0.0	0.0	0.0	1.0
12	27	37
-0.7994052663986577	-0.19702052639772838	-0.5675686145586754	2.577543076200483
0.06177150912377394	-0.9666475035534124	0.2485495615255202	-0.277921024897679
-0.5976081498060946	0.16363225859199898	0.7849133603356606	-0.9927300533559844
0.0	0.0	0.0	1.0
13	14	37
0.7572592539516063	0.3835025287108391	-0.5286626833596718	-0.2518770224832615
-0.1296272996610237	0.8815987653657869	0.4538506142863646	0.01896858462285478
0.6401212271806391	-0.27515346150450604	0.7173112205555136	0.24857944277679112
0.0	0.0	0.0	1.0
13	27	37
-0.7554190976498811	-0.382306760846314	-0.5321499107554543	2.2405199030152527
0.18470852801556967	-0.9034530502302414	0.38685313196094656	-0.8579375226851493
-0.6286690278550074	0.1939436171697116	0.7531010070202848	-0.6324727395447489
0.0	0.0	0.0	1.0
14	16	37
0.4223467469494836	0.47576305599198154	-0.7715392017871547	-0.38404112776125154
-0.3738244164793789	0.8668460789381087	0.32989874366762734	-0.44545441470632685
0.8257593662714583	0.1490885306883048	0.5439614683340739	0.858053861011606
0.0	0.0	0.0	1.0
14	17	37
0.8930833872846028	-0.3209869847320811	0.31522915313921546	-1.9658749159309665
0.2941049676496551	0.9467760399392169	0.13083347507732973	0.28605351308462107
-0.34044725194963144	-0.0241347432060397	0.9399538195094069	0.0033925762159876527
0.0	0.0	0.0	1.0
16	18	37
0.8372269920352648	0.021912086614968795	0.5464163469990269	0.25818007969667256
0.15305950599663176	0.9498715283164393	-0.27261120174684594	-0.3801163834517618
-0.5249988108859388	0.3118716725737857	0.7919042293196693	0.7280046001186753
0.0	0.0	0.0	1.0
16	19	37
0.9182001782991892	-0.047571560680306796	0.3932497669239968	0.72097087211542
0.12235536695597621	0.9782763624794238	-0.16734551918439872	-0.6990701931836627
-0.37674606401183103	0.20177290509002274	0.9040741662181959	1.0193361998638162
0.0	0.0	0.0	1.0
18	20	37
0.8373070198979258	-0.48386661757867533	0.25453889844703026	0.19326907028734497
0.3308893596849109	0.8190980210842387	0.4686050186491762	-0.18081804786545852
-0.43523463336109336	-0.30814205855231186	0.8459428383018431	1.01378257527467
0.0	0.0	0.0	1.0
20	33	37
0.5223761082709208	0.6872306788888674	0.504814020706313	-1.3743185301815615
0.5881938816220957	-0.7190207599924272	0.3701852297461965	-0.4741493958713211
0.6173744075761958	0.10355259868230844	-0.779824146956275	2.6413041669343924
0.0	0.0	0.0	1.0
20	34	37
-0.25407999805659626	0.858752624925846	0.44495762019604806	-0.43252568046786954
-0.9369403303984692	-0.1043951495286101	-0.33353331172119494	0.4442736823403227
-0.2399711896465251	-0.5016428828737326	0.8311246875179211	0.21501199341383126
0.0	0.0	0.0	1.0
20	36	37
-0.3127930380055718	0.942334958486085	0.11901823973775677	-0.5263826081231374
-0.9452732385274157	-0.29659387978772445	-0.13598005367095672	0.5568730097820263
-0.09283867674162982	-0.15503837101664067	0.9835365186984013	0.09379077071753938
0.0	0.0	0.0	1.0
21	24	37
0.804286741112035	-0.21124015895313664	0.5554281531546956	0.005217080548407083
0.39682468454139447	0.8866612831857585	-0.23740669459391284	-0.5619961339980322
-0.4423268110910815	0.4113506583741393	0.7969552233627415	0.5685570412049925
0.0	0.0	0.0	1.0
21	29	37
0.9873063580562005	0.10504989744106562	0.1191246170588782	0.18165218076216516
-0.06645391211986243	0.954442002784796	-0.290902631277397	-0.7544420462122765
-0.1442568296676745	0.2792937206021097	0.9493076343980715	0.691011398354489
0.0	0.0	0.0	1.0
21	30	37
0.961974618966217	0.10233895630810622	-0.25324211831085386	0.2432928097079912
-0.25101870988048136	0.696746182809237	-0.6719630674603299	-0.7406646545902906
0.10767748025812873	0.7099799256053122	0.6959411365070582	0.5742212411345906
0.0	0.0	0.0	1.0
21	31	37
0.849971704264961	0.46612996309519605	-0.24550144491181558	0.045170289840301636
-0.3946071017307492	0.8720421272590824	0.2895302463458933	-0.8941107081058486
0.34904632531023183	-0.14921590327550993	0.9251493268641002	1.0947875726117795
0.0	0.0	0.0	1.0
22	24	37
0.954550482378357	-0.15304633718793614	0.25575416959377684	-0.03524759405704414
0.13751159133919152	0.9874503776967551	0.07766797173802653	-0.19134129234783603
-0.2644313499542161	-0.03896883703540799	0.9636168797304759	0.6954842343110688
0.0	0.0	0.0	1.0
22	27	37
0.6813608949440867	0.22106675999982403	0.6977655899112352	-0.13337135910364106
0.2495248327563682	0.8260406523758084	-0.5053654108271122	-0.21795779999148646
-0.6881022370831971	0.5184460707206964	0.5076701518460294	0.5402365679863923
0.0	0.0	0.0	1.0
22	30	37
0.8289093875000919	0.026866552428122026	-0.5587373405052227	0.15883680557482927
-0.2345530864090588	0.9234901490803307	-0.30356349287681583	-0.41310456035679155
0.5078327253832772	0.3826801966553993	0.7717912866297325	0.8677187286018351
0.0	0.0	0.0	1.0
22	31	37
0.6208882163818845	0.6269953527276543	-0.4705046762956202	-0.17324829817957155
-0.2183002237201322	0.7147642529216366	0.6644223619574483	-0.32827533968508993
0.7528896566442269	-0.3098207391432968	0.5806619279019756	1.3309223480885024
0.0	0.0	0.0	1.0
23	24	37
0.9133849926088605	-0.3273757142003013	0.2419772655204508	0.05283904810056722
0.10933427323967915	0.7698291551637599	0.6288156236568894	0.17861426595245555
-0.39214011777942737	-0.5478943452999808	0.7389437829877472	0.42016923391380145
0.0	0.0	0.0	1.0
23	27	37
0.6161196192373959	0.08160292487950645	0.7834140523643136	-0.06372876655579662
-0.0669438353678277	0.9964450561256865	-0.05114462854417936	0.06464603445386019
-0.784802610658891	-0.020933532281641465	0.6193921613398102	0.3017063713859611
0.0	0.0	0.0	1.0
24	25	37
0.6469048517422074	-0.42952586918644287	0.630096532677354	0.012779652766678917
0.4079912054821293	0.8930216899204914	0.18988269426356058	0.028290317742386606
-0.6442493997215923	0.13423780775616362	0.7529428410757274	0.03689469952037605
0.0	0.0	0.0	1.0
24	30	37
0.617916512099214	0.15096188256156842	-0.7716149908397385	0.020241354335511552
-0.505352646513845	0.8280848440888379	-0.2426812593749631	-0.11819080757241279
0.602327059608478	0.5398944350554399	0.5879762854567969	0.10642989253354296
0.0	0.0	0.0	1.0
25	26	37
0.953682746583904	0.02020130130498486	0.300135180033541	0.004279684821086399
0.1434045901174701	0.8465384128086235	-0.5126478705434131	-0.02813569322056947
-0.2644321130298306	0.5319441916827751	0.8044321192826264	-0.1540502899359929
0.0	0.0	0.0	1.0
25	28	37
0.826423006648906	0.4019761894273424	-0.394258997633352	0.07312143671014265
-0.33795404350635694	0.914193924332442	0.22368847353261845	-0.006074764940145638
0.4503466204592701	-0.05161987841057579	0.891360370217227	0.025086773750535363
0.0	0.0	0.0	1.0
27	28	37
0.9765750283643448	0.09495797043039579	-0.19309116454907804	-0.0038270147893521567
0.10253935296854565	0.5835491434085622	0.8055781019366939	0.17065889871508821
0.18917424525545465	-0.8065069008253272	0.5601425924290668	0.14980053637586477
0.0	0.0	0.0	1.0
28	31	37
0.09179231547654582	0.8626252005750601	-0.49744540821309496	-0.5454036489496439
-0.5810206896591422	0.4520979761054253	0.6767735058270188	-0.18104908937069353
0.8086959434839953	0.22690346699470443	0.542702209004454	0.3696380448066414
0.0	0.0	0.0	1.0
29	31	37
0.8055317857914975	0.37692777169949254	-0.4572132948648989	-0.12590656026419972
-0.131932598182004	0.8663187670660808	0.48175261635620836	-0.022465993418988084
0.5776783980871256	-0.32774570744826226	0.7475763637466954	0.4253217554195601
0.0	0.0	0.0	1.0
30	32	37
0.5362192845082441	0.4216626875412791	-0.7312109523639081	-0.14601623506003114
0.0481576845280094	0.8495888684781014	0.5252424125858473	0.11689252747003487
0.8427038129392604	-0.3168585370375328	0.4352596364976503	0.9057718523762838
0.0	0.0	0.0	1.0
30	33	37
0.1605358670680272	0.30080358611091157	-0.940077357437957	-0.02293160685609097
0.06369944625097423	0.9472874836103607	0.3139885411005786	0.09413089442629707
0.9849723934872671	-0.11028882979688345	0.1329125956785066	1.0430066906037447
0.0	0.0	0.0	1.0
31	35	37
0.15899564423269136	-0.048713790670168025	0.9860767473749574	-2.504099951958783
0.8043921621174888	0.585488963304953	-0.10077660131222999	-0.8830806916913133
-0.5724278422989085	0.8092154474839413	0.13227518631391688	0.7967412059425933
0.0	0.0	0.0	1.0
31	36	37
0.14197715535369626	-0.1990992856828667	0.969640119734247	-2.4978227445804473
0.8086482971391713	0.5882875287358318	0.002390620799238824	-0.8954218180876423
-0.5709031606950434	0.7837584181203158	0.24452468818904483	0.9084029456792503
0.0	0.0	0.0	1.0
