0	3	66
0.5368130803108215	-0.21470671892166138	0.8159244656562805	-0.6644256114959717
0.2848885953426361	0.9564056992530823	0.06423968076705933	0.009018778800964355
-0.7941474914550781	0.1979629099369049	0.5745785236358643	0.10081076622009277
0.0	0.0	0.0	1.0
0	8	66
0.7679457664489746	-0.12059764564037323	0.6290594339370728	-0.7149804830551147
0.15729686617851257	0.9875479936599731	-0.002701789140701294	-0.25265181064605713
-0.6209003925323486	0.10102382302284241	0.777352511882782	0.9912427663803101
0.0	0.0	0.0	1.0
0	18	66
-0.8274537920951843	-0.5612998604774475	-0.01621660590171814	-0.5617539286613464
-0.5611687898635864	0.8255287408828735	0.05993703007698059	-0.3758900761604309
-0.020255476236343384	0.05869556963443756	-0.9980704188346863	4.478541374206543
0.0	0.0	0.0	1.0
0	19	66
-0.9984393119812012	-0.05340778827667236	-0.016323447227478027	0.044790975749492645
-0.05304984748363495	0.8156771063804626	0.5760699510574341	-1.3222548961639404
-0.017452001571655273	0.5760371088981628	-0.8172371983528137	4.333859443664551
0.0	0.0	0.0	1.0
0	21	66
-0.5329359173774719	0.38733959197998047	-0.7522947788238525	0.9493646025657654
-0.26479849219322205	0.7680721879005432	0.5830498933792114	-0.9956756234169006
0.8036549091339111	0.5099344849586487	-0.3067663609981537	2.7213127613067627
0.0	0.0	0.0	1.0
0	22	66
-0.5625831484794617	0.3655470013618469	-0.741536021232605	1.136925458908081
-0.2536267042160034	0.7773784399032593	0.5756357312202454	-0.9898982644081116
0.78687584400177	0.5119161605834961	-0.34462758898735046	2.347733497619629
0.0	0.0	0.0	1.0
0	33	66
-0.4256708323955536	-0.46574074029922485	0.775815486907959	0.10330057144165039
-0.3060676157474518	-0.7327300310134888	-0.6078072190284729	2.1304144859313965
0.8515438437461853	-0.4961780607700348	0.16935370862483978	1.155606746673584
0.0	0.0	0.0	1.0
0	39	66
0.5181075930595398	0.44217541813850403	-0.7321511507034302	1.6623719930648804
-0.2696053981781006	0.8967925310134888	0.35082244873046875	-0.4262807369232178
0.8117128014564514	0.01562821865081787	0.5838478207588196	0.8506147861480713
0.0	0.0	0.0	1.0
0	44	66
0.7132719159126282	0.22098295390605927	-0.6651389598846436	2.178715467453003
-0.19470900297164917	0.9741153717041016	0.11483684182167053	-0.2972535789012909
0.6732991933822632	0.04759854078292847	0.737836480140686	0.3174670934677124
0.0	0.0	0.0	1.0
0	45	66
0.5836458206176758	-0.17485839128494263	0.7929579019546509	-0.35806602239608765
0.5571765899658203	0.7966138124465942	-0.23443755507469177	0.23509475588798523
-0.59068763256073	0.5786459445953369	0.56236732006073	0.20326590538024902
0.0	0.0	0.0	1.0
0	50	66
0.713029146194458	-0.09316445887088776	0.6949169635772705	-0.6820715069770813
0.16140010952949524	0.9863246083259583	-0.03337481617927551	-0.29078251123428345
-0.6823042631149292	0.13595685362815857	0.7183150053024292	1.0193570852279663
0.0	0.0	0.0	1.0
0	51	66
0.6790971159934998	-0.07548729330301285	0.7301567792892456	-1.0958366394042969
0.19003403186798096	0.9788665771484375	-0.0755448043346405	-0.30999335646629333
-0.7090234756469727	0.1900569498538971	0.6790905594825745	1.495509147644043
0.0	0.0	0.0	1.0
0	64	66
-0.8796910643577576	0.47288915514945984	0.050200920552015305	0.09338590502738953
0.29822397232055664	0.4663611352443695	0.8328086733818054	-1.4684820175170898
0.370414137840271	0.7475850582122803	-0.5512804985046387	3.6453051567077637
0.0	0.0	0.0	1.0
1	8	66
0.8827955722808838	-0.0754673182964325	0.4636557698249817	-0.4056694507598877
0.11055126786231995	0.9926660060882568	-0.048916369676589966	-0.22479882836341858
-0.4565637707710266	0.09444096684455872	0.8846641778945923	0.8179168701171875
0.0	0.0	0.0	1.0
1	19	66
-0.4246424734592438	0.8053715825080872	-0.41358840465545654	1.3579373359680176
-0.18029488623142242	0.3724471926689148	0.9103718400001526	-2.1790595054626465
0.8872273564338684	0.461150586605072	-0.012952595949172974	2.1785879135131836
0.0	0.0	0.0	1.0
1	20	66
-0.9301995038986206	0.1679617166519165	-0.3263709545135498	0.043128713965415955
-0.08489939570426941	0.7665970325469971	0.6364916563034058	-1.163833737373352
0.3571012616157532	0.6197726130485535	-0.6988281607627869	3.1130380630493164
0.0	0.0	0.0	1.0
1	21	66
-0.607801616191864	0.36203527450561523	-0.7067583799362183	0.9368254542350769
-0.19242164492607117	0.7963517308235168	0.5734089612960815	-0.9815644025802612
0.7704226970672607	0.4845145344734192	-0.41436058282852173	2.771367073059082
0.0	0.0	0.0	1.0
1	22	66
-0.7914515733718872	0.4964194893836975	-0.356611430644989	0.6433326005935669
-0.05831655114889145	0.519442081451416	0.8525133728981018	-1.4379875659942627
0.6084432005882263	0.6955198049545288	-0.3821638226509094	2.2539796829223633
0.0	0.0	0.0	1.0
1	33	66
-0.5344347953796387	-0.23572659492492676	0.8116725087165833	0.18410885334014893
-0.3130415678024292	-0.8368217945098877	-0.4491484761238098	1.9688717126846313
0.7851012945175171	-0.4941277801990509	0.37343451380729675	0.9810456037521362
0.0	0.0	0.0	1.0
1	39	66
-0.4965035915374756	0.4609300494194031	-0.735545814037323	1.7132607698440552
-0.05846357345581055	0.8276882171630859	0.5581350326538086	-0.9698551893234253
0.8660637140274048	0.32011884450912476	-0.3840024769306183	3.2144827842712402
0.0	0.0	0.0	1.0
1	44	66
0.5593359470367432	0.3690020442008972	-0.7422806024551392	2.4027321338653564
-0.36596569418907166	0.9133894443511963	0.17829492688179016	-0.6024878025054932
0.7437822818756104	0.17192234098911285	0.6459337472915649	0.5218546390533447
0.0	0.0	0.0	1.0
1	50	66
0.8424581289291382	-0.057095274329185486	0.5357279777526855	-0.38978880643844604
0.11938181519508362	0.9894330501556396	-0.08228500187397003	-0.2627533972263336
-0.5253686308860779	0.13327789306640625	0.8403717279434204	0.8430793285369873
0.0	0.0	0.0	1.0
1	51	66
0.8551957011222839	-0.048905037343502045	0.5159927010536194	-0.6372708678245544
0.10388556122779846	0.9915099740028381	-0.07820388674736023	-0.35358384251594543
-0.50778728723526	0.12048342823982239	0.853015661239624	1.223839521408081
0.0	0.0	0.0	1.0
1	64	66
-0.985145628452301	0.17069803178310394	0.01871812343597412	0.069935142993927
0.11499443650245667	0.5748260021209717	0.8101550936698914	-1.6052210330963135
0.12753213942050934	0.8002732396125793	-0.5859168171882629	3.679917812347412
0.0	0.0	0.0	1.0
2	4	66
0.5952903628349304	-0.12441661953926086	0.7938196659088135	-0.6367344856262207
0.1707058548927307	0.9849690794944763	0.026362240314483643	0.1455916464328766
-0.7851679921150208	0.11981639266014099	0.607581377029419	0.18399977684020996
0.0	0.0	0.0	1.0
2	21	66
-0.013746604323387146	0.017838746309280396	0.9997463226318359	-1.9478673934936523
-0.9869899153709412	-0.16042524576187134	-0.010708771646022797	-0.00022292137145996094
0.1601932942867279	-0.9868865013122559	0.019812092185020447	2.4034173488616943
0.0	0.0	0.0	1.0
2	34	66
-0.12714886665344238	0.527563750743866	-0.8399460315704346	1.1022076606750488
-0.3505859971046448	0.7682548761367798	0.5356060862541199	-0.35156044363975525
0.9278590083122253	0.36257514357566833	0.08727395534515381	1.3994518518447876
0.0	0.0	0.0	1.0
2	43	66
0.7736445665359497	0.12017786502838135	-0.6221184730529785	1.2419092655181885
-0.03820500895380974	0.9889092445373535	0.14352256059646606	-0.18145006895065308
0.6324670314788818	-0.08726727962493896	0.7696555852890015	0.7505811452865601
0.0	0.0	0.0	1.0
2	51	66
0.9501360654830933	-0.2028573751449585	0.23683515191078186	-0.869743824005127
0.24008190631866455	0.9605427384376526	-0.14042332768440247	-0.032274216413497925
-0.19900429248809814	0.19028103351593018	0.9613484144210815	1.0367481708526611
0.0	0.0	0.0	1.0
3	8	66
0.9289805889129639	0.11033263802528381	-0.35330089926719666	-0.6266812086105347
-0.11254656314849854	0.9935429096221924	0.014341294765472412	-0.07423257827758789
0.3526020348072052	0.026440143585205078	0.9353997111320496	0.4703552722930908
0.0	0.0	0.0	1.0
3	35	66
0.0755862295627594	0.4862954318523407	-0.8705191612243652	0.4763404130935669
-0.2952005863189697	0.8447951674461365	0.4462932348251343	-0.45220106840133667
0.9524406790733337	0.2232443392276764	0.20740965008735657	1.5934220552444458
0.0	0.0	0.0	1.0
3	36	66
0.35291171073913574	0.42079851031303406	-0.835692286491394	0.6024825572967529
-0.2519611716270447	0.9029081463813782	0.3482412099838257	-0.4535578489303589
0.9010930061340332	0.0876639112830162	0.42467182874679565	1.5761630535125732
0.0	0.0	0.0	1.0
3	37	66
0.4372689723968506	0.44895654916763306	-0.7792522311210632	0.6493873000144958
-0.3018496334552765	0.8894827365875244	0.34308451414108276	-0.44312453269958496
0.8471615314483643	0.08519667387008667	0.5244606733322144	1.5656780004501343
0.0	0.0	0.0	1.0
3	41	66
0.3297778367996216	0.48715054988861084	-0.8086602091789246	0.8748572468757629
-0.17635679244995117	0.8732889294624329	0.45416420698165894	-0.7015656232833862
0.9274401068687439	-0.007160648703575134	0.3739035129547119	1.9422656297683716
0.0	0.0	0.0	1.0
3	42	66
-0.5349906086921692	0.2510300576686859	-0.8067026138305664	0.43664371967315674
0.06736570596694946	0.9644724726676941	0.2554493546485901	-1.0133678913116455
0.8421680927276611	0.08231884241104126	-0.5328945517539978	3.668341636657715
0.0	0.0	0.0	1.0
4	6	66
-0.9704394340515137	-0.15997570753097534	-0.18070685863494873	0.7826058864593506
0.21273283660411835	-0.21337881684303284	-0.9535272121429443	3.087280511856079
0.11398216336965561	-0.963782787322998	0.24110350012779236	2.747032403945923
0.0	0.0	0.0	1.0
4	7	66
-0.9527079463005066	-0.006409555673599243	0.3038204610347748	-0.31727921962738037
0.22471940517425537	0.6581696271896362	0.7185500860214233	-1.9674856662750244
-0.2045709192752838	0.7528424263000488	-0.6256028413772583	4.505368232727051
0.0	0.0	0.0	1.0
4	38	66
-0.9200104475021362	-0.1085260882973671	0.3765670955181122	-0.4661252200603485
-0.022954091429710388	0.9741640090942383	0.22467267513275146	-0.33568090200424194
-0.39122095704078674	0.19805756211280823	-0.8987321257591248	5.134359359741211
0.0	0.0	0.0	1.0
4	45	66
-0.6696755886077881	-0.12870095670223236	-0.7314169406890869	1.6548752784729004
0.08319419622421265	0.965669572353363	-0.24609170854091644	0.03642570972442627
0.7379793524742126	-0.2256513237953186	-0.6359784007072449	4.781516075134277
0.0	0.0	0.0	1.0
4	49	66
-0.7891947627067566	-0.07896900177001953	-0.6090449094772339	2.0727782249450684
0.6140607595443726	-0.08521553874015808	-0.7846451997756958	2.0719802379608154
0.010062620043754578	-0.9932281970977783	0.11574333906173706	2.4109678268432617
0.0	0.0	0.0	1.0
5	8	66
0.8843023777008057	0.06421978026628494	-0.46247780323028564	-0.6930009722709656
-0.017070192843675613	0.994280993938446	0.10542603582143784	0.1863207221031189
0.4666028916835785	-0.0853339210152626	0.8803408741950989	0.505516529083252
0.0	0.0	0.0	1.0
5	34	66
-0.6315588355064392	0.7014880776405334	-0.3302237391471863	-0.6453190445899963
-0.6334095001220703	-0.7124430537223816	-0.30202192068099976	1.8896070718765259
-0.4471305012702942	0.018422290682792664	0.8942791223526001	0.3964287042617798
0.0	0.0	0.0	1.0
5	35	66
-0.0009072273969650269	0.9739029407501221	-0.22696316242218018	-1.0459790229797363
-0.7579730749130249	-0.14871466159820557	-0.63510662317276	1.7996101379394531
-0.6522849202156067	0.17145594954490662	0.738327145576477	0.0904698371887207
0.0	0.0	0.0	1.0
5	36	66
0.29576051235198975	0.3832780420780182	-0.8749994039535522	0.34800100326538086
-0.06700834631919861	0.9220460653305054	0.3812362551689148	-0.08527827262878418
0.9529091715812683	-0.054122332483530045	0.29838770627975464	1.7645001411437988
0.0	0.0	0.0	1.0
5	41	66
-0.8571443557739258	0.006395518779754639	-0.5150367617607117	0.20967429876327515
-0.1479852944612503	0.9547062516212463	0.25813838839530945	0.11136913299560547
0.49335989356040955	0.29747986793518066	-0.8173748254776001	4.572702407836914
0.0	0.0	0.0	1.0
5	42	66
0.4430599808692932	0.07808153331279755	-0.8930850625038147	0.4883986711502075
-0.0018451288342475891	0.9962770342826843	0.08618813753128052	-0.25159066915512085
0.896490216255188	-0.03653861582279205	0.44155463576316833	1.5886727571487427
0.0	0.0	0.0	1.0
5	50	66
0.7361651659011841	-0.6744711399078369	-0.056123703718185425	-0.852921187877655
0.5654587149620056	0.6585055589675903	-0.496616005897522	1.3569694757461548
0.3719109892845154	0.3338555693626404	0.8661541938781738	0.4214637279510498
0.0	0.0	0.0	1.0
6	34	66
-0.6414177417755127	0.7594711184501648	0.10856866091489792	-0.5851423144340515
-0.5667722225189209	-0.37371015548706055	-0.7342410087585449	2.1565065383911133
-0.5170614719390869	-0.5324888229370117	0.6701516509056091	1.2271465063095093
0.0	0.0	0.0	1.0
6	40	66
-0.9246634840965271	0.17566074430942535	0.33784735202789307	-0.18685495853424072
-0.051754020154476166	0.8210299611091614	-0.5685343742370605	1.1739107370376587
-0.3772519826889038	-0.5431879162788391	-0.7500853538513184	4.597771644592285
0.0	0.0	0.0	1.0
6	43	66
0.5844528675079346	0.2884977459907532	-0.7584086060523987	1.1913282871246338
-0.13735514879226685	0.9563466310501099	0.25794312357902527	-0.47653406858444214
0.799717366695404	-0.04658426344394684	0.5985661745071411	1.111048936843872
0.0	0.0	0.0	1.0
6	50	66
0.9968578219413757	0.053542062640190125	0.05837523937225342	-0.6084778308868408
-0.051871851086616516	0.9982101321220398	-0.029764652252197266	-0.14550209045410156
-0.059864431619644165	0.026643484830856323	0.9978508949279785	0.6823289394378662
0.0	0.0	0.0	1.0
6	51	66
0.9943656921386719	-0.10459655523300171	-0.017218589782714844	-0.8719250559806824
0.099825918674469	0.9786174297332764	-0.1798400729894638	0.05371883511543274
0.03566107153892517	0.17710773646831512	0.983545184135437	0.8493967056274414
0.0	0.0	0.0	1.0
7	34	66
-0.09029319882392883	0.30343014001846313	-0.9485658407211304	0.944973886013031
-0.2280806303024292	0.9208426475524902	0.31627267599105835	-0.11261051893234253
0.9694465398788452	0.24490666389465332	-0.01393929123878479	1.1078112125396729
0.0	0.0	0.0	1.0
7	40	66
0.7622222900390625	-0.2306041121482849	0.6048464179039001	0.4241633415222168
0.11745001375675201	0.9681509733200073	0.22110867500305176	-0.10557401180267334
-0.63657146692276	-0.0974947065114975	0.7650306820869446	0.9944827556610107
0.0	0.0	0.0	1.0
7	43	66
-0.8674142360687256	-0.012653816491365433	0.4974260926246643	-1.0387691259384155
-0.26238441467285156	0.8610278964042664	-0.4356437921524048	0.6961971521377563
-0.422785222530365	-0.5084003806114197	-0.7501879334449768	4.562239646911621
0.0	0.0	0.0	1.0
8	9	66
0.938011884689331	0.10659600794315338	0.32980403304100037	-1.0099831819534302
-0.0610833615064621	0.9874804019927979	-0.1454334557056427	-0.17515547573566437
-0.3411778211593628	0.11627298593521118	0.932779848575592	0.5691968202590942
0.0	0.0	0.0	1.0
8	10	66
0.7638550996780396	-0.18920767307281494	0.6170300841331482	-1.737451434135437
0.016583237797021866	0.9614991545677185	0.2743074297904968	-0.8975540995597839
-0.6451749205589294	-0.199298694729805	0.737583577632904	1.420202612876892
0.0	0.0	0.0	1.0
8	34	66
-0.5702979564666748	0.43181920051574707	-0.6987791657447815	1.666273593902588
-0.2622676491737366	0.7104350328445435	0.6530678272247314	-0.6792260408401489
0.7784445285797119	0.55571049451828	-0.29190748929977417	1.8005858659744263
0.0	0.0	0.0	1.0
8	35	66
0.33909961581230164	0.44647833704948425	-0.8280511498451233	1.8154144287109375
-0.08835364133119583	0.8914268612861633	0.4444676339626312	-0.5023142099380493
0.9365924596786499	-0.07755748182535172	0.34173035621643066	1.2709028720855713
0.0	0.0	0.0	1.0
8	36	66
0.6449952125549316	0.29865801334381104	-0.7034094333648682	1.6609466075897217
-0.17141497135162354	0.9535553455352783	0.2476867139339447	-0.1759282350540161
0.7447136640548706	-0.03918175399303436	0.6662329435348511	0.6371545791625977
0.0	0.0	0.0	1.0
8	52	66
0.941405177116394	-0.16280117630958557	0.2953839898109436	-1.0486472845077515
0.18259385228157043	0.9823533892631531	-0.04051239788532257	-0.16710883378982544
-0.2835760712623596	0.09207366406917572	0.9545193314552307	0.716166615486145
0.0	0.0	0.0	1.0
8	53	66
-0.7669124007225037	-0.15578565001487732	0.6225560903549194	-0.2840472459793091
-0.046473853290081024	0.981023371219635	0.18823637068271637	-0.7840557098388672
-0.6400669813156128	0.11542807519435883	-0.7595990300178528	6.42038631439209
0.0	0.0	0.0	1.0
8	55	66
0.7247253060340881	-0.021254103630781174	0.6887105703353882	-1.734898328781128
-0.09464319050312042	0.986980140209198	0.13005122542381287	-0.7084550857543945
-0.6825075149536133	-0.1594332605600357	0.7132773995399475	1.7415798902511597
0.0	0.0	0.0	1.0
9	12	66
0.8622236847877502	0.00579511933028698	-0.5064949989318848	-0.19678425788879395
-0.0392194539308548	0.9976966977119446	-0.05534921586513519	-0.3015522360801697
0.5050075054168701	0.06758786737918854	0.8604648113250732	1.192533016204834
0.0	0.0	0.0	1.0
9	36	66
0.6100121140480042	0.2053545117378235	-0.7653200626373291	2.2735695838928223
0.0006239116191864014	0.9657103419303894	0.259621262550354	0.2868350148200989
0.7923917770385742	-0.15884970128536224	0.5889669060707092	0.4523427486419678
0.0	0.0	0.0	1.0
9	37	66
0.6721054315567017	0.20041337609291077	-0.7128174901008606	2.339137554168701
-0.016201093792915344	0.9664239287376404	0.2564406991004944	0.3854356110095978
0.7402781248092651	-0.16080698370933533	0.6527856588363647	0.4052848815917969
0.0	0.0	0.0	1.0
9	38	66
0.8181828856468201	0.1627969890832901	-0.5514293313026428	2.172606945037842
0.009946957230567932	0.9549256563186646	0.2966788411140442	0.24829447269439697
0.5748722553253174	-0.24822251498699188	0.77968430519104	0.24310755729675293
0.0	0.0	0.0	1.0
9	39	66
0.9960492253303528	-0.08790621161460876	-0.012576580047607422	1.7161176204681396
0.08722877502441406	0.9420210719108582	0.32401829957962036	0.09188908338546753
-0.016635574400424957	-0.32383522391319275	0.9459671378135681	0.19687676429748535
0.0	0.0	0.0	1.0
9	50	66
0.9909571409225464	-0.00964820384979248	-0.13383251428604126	0.88910973072052
0.028517603874206543	0.989768922328949	0.13980236649513245	0.05587080121040344
0.13111430406570435	-0.14235465228557587	0.9810935258865356	-0.21424651145935059
0.0	0.0	0.0	1.0
9	54	66
0.9951626658439636	0.007764175534248352	-0.09793099015951157	-0.45777633786201477
-0.00922539085149765	0.9998528361320496	-0.014475598931312561	-0.17179065942764282
0.09780410677194595	0.015309162437915802	0.9950879812240601	0.9300618171691895
0.0	0.0	0.0	1.0
9	56	66
-0.19070668518543243	0.40407615900039673	-0.8946244120597839	0.7273508906364441
0.12156739085912704	0.9140565395355225	0.3869386613368988	-0.3169095516204834
0.9740902185440063	-0.03496542572975159	-0.22343946993350983	3.1315810680389404
0.0	0.0	0.0	1.0
10	13	66
-0.9721871018409729	0.07551101595163345	0.2216995805501938	-0.8520289063453674
-0.19093501567840576	-0.8037279844284058	-0.5635292530059814	1.5575804710388184
0.13563361763954163	-0.5901860594749451	0.7957916855812073	0.8327319622039795
0.0	0.0	0.0	1.0
10	37	66
0.762514054775238	0.35270965099334717	-0.5423725247383118	2.219717502593994
-0.2623439431190491	0.9348752498626709	0.23913192749023438	0.053868331015110016
0.5913946628570557	-0.04005339741706848	0.8053868412971497	-0.19663500785827637
0.0	0.0	0.0	1.0
10	39	66
0.9960745573043823	0.06362184882164001	-0.06154155731201172	2.3015170097351074
-0.0523654967546463	0.9840869307518005	0.16979451477527618	-0.14929205179214478
0.07136476039886475	-0.16590538620948792	0.9835559725761414	-0.21091723442077637
0.0	0.0	0.0	1.0
10	56	66
0.7158740162849426	-0.4968835711479187	-0.49054136872291565	0.20040136575698853
0.6788184642791748	0.6597813963890076	0.32232576608657837	-0.7305979132652283
0.16349133849143982	-0.5637334585189819	0.8096141815185547	0.9889463186264038
0.0	0.0	0.0	1.0
11	13	66
-0.7790719270706177	0.060139209032058716	-0.6240437626838684	1.0455349683761597
0.2225809395313263	-0.9040111899375916	-0.3649953007698059	1.137052059173584
-0.586093008518219	-0.4232575297355652	0.6909036636352539	1.4389746189117432
0.0	0.0	0.0	1.0
11	51	66
0.988396406173706	0.05220410227775574	0.14264169335365295	0.3435054123401642
-0.04534110426902771	0.9976715445518494	-0.05094867944717407	0.423737496137619
-0.1449694037437439	0.04388993978500366	0.9884622097015381	-1.1252622604370117
0.0	0.0	0.0	1.0
11	56	66
0.09016044437885284	0.859481930732727	0.5031518340110779	-1.2577203512191772
-0.22001135349273682	0.5099166631698608	-0.8316129446029663	1.9302815198898315
-0.9713217616081238	-0.03572061285376549	0.2350703626871109	2.262181043624878
0.0	0.0	0.0	1.0
12	14	66
0.6760690212249756	0.08989414572715759	-0.731334388256073	0.33150696754455566
-0.012320727109909058	0.9937707781791687	0.11076274514198303	-0.026437997817993164
0.7367355227470398	-0.06587299704551697	0.672964870929718	0.4081486463546753
0.0	0.0	0.0	1.0
12	15	66
0.042627811431884766	-0.5653820037841797	-0.8237267732620239	0.7735166549682617
0.8218846321105957	0.4886195659637451	-0.29284167289733887	0.878734827041626
0.5680566430091858	-0.6645254492759705	0.4855075776576996	0.7461642026901245
0.0	0.0	0.0	1.0
12	51	66
0.8642526865005493	0.38761216402053833	-0.32066184282302856	1.843307375907898
-0.2613338530063629	0.8906026482582092	0.37219884991645813	-0.5150834918022156
0.4298512041568756	-0.2378738820552826	0.8710018396377563	-0.3491830825805664
0.0	0.0	0.0	1.0
12	52	66
0.8065783977508545	-0.19628271460533142	0.5575879812240601	-0.5469273328781128
0.059346988797187805	0.9653849601745605	0.2539876103401184	0.12338399887084961
-0.5881404280662537	-0.1717698872089386	0.7903072834014893	-0.7825925350189209
0.0	0.0	0.0	1.0
12	57	66
0.7465766668319702	0.25835907459259033	-0.6130856275558472	-0.3036017417907715
0.03585869073867798	0.9045524597167969	0.4248519241809845	0.06145739555358887
0.6643324494361877	-0.3391687572002411	0.666053295135498	0.14983558654785156
0.0	0.0	0.0	1.0
13	53	66
-0.750635027885437	0.14140281081199646	-0.6454091668128967	1.2936415672302246
0.23234139382839203	-0.8579506278038025	-0.4581902027130127	1.8274835348129272
-0.6185184717178345	-0.49388882517814636	0.611153781414032	-0.04040241241455078
0.0	0.0	0.0	1.0
13	58	66
0.0037772804498672485	0.5142823457717896	-0.8576124310493469	2.3425915241241455
-0.736142098903656	0.5818843841552734	0.34569478034973145	-0.5252208113670349
0.6768161058425903	0.6300187706947327	0.3807830512523651	1.849121332168579
0.0	0.0	0.0	1.0
14	18	66
0.3736456036567688	0.28756117820739746	-0.8818715214729309	0.7540757656097412
-0.08704328536987305	0.9574062824249268	0.2753114104270935	-0.03768610954284668
0.9234783053398132	-0.026107877492904663	0.382761150598526	0.5968440175056458
0.0	0.0	0.0	1.0
14	55	66
0.4950678050518036	-0.15555846691131592	0.8548153042793274	-0.8381850123405457
0.13245464861392975	0.9858548641204834	0.10269364714622498	0.032640933990478516
-0.8586987853050232	0.06238386780023575	0.5086697340011597	0.15855050086975098
0.0	0.0	0.0	1.0
14	61	66
0.7811514735221863	-0.4959036707878113	0.3793172836303711	-0.6237963438034058
0.07768437266349792	0.6800275444984436	0.7290594577789307	-0.4350854754447937
-0.6194893717765808	-0.5400388240814209	0.5697287917137146	0.3646352291107178
0.0	0.0	0.0	1.0
14	62	66
-0.07559162378311157	0.37896251678466797	-0.922319233417511	0.30319976806640625
-0.2277776449918747	0.893947184085846	0.385973185300827	-0.358484148979187
0.9707744121551514	0.23926019668579102	0.01874437928199768	2.4918322563171387
0.0	0.0	0.0	1.0
14	63	66
-0.640487551689148	0.25840234756469727	-0.7231903076171875	-0.3027030825614929
-0.3371627926826477	0.7514688372612	0.5671119093894958	-0.6757804155349731
0.689997673034668	0.607060968875885	-0.39418280124664307	2.810999870300293
0.0	0.0	0.0	1.0
15	16	66
0.9803926944732666	0.03915441036224365	-0.1931227147579193	0.18372845649719238
-0.09604673832654953	0.9507094621658325	-0.2948343753814697	-0.004300788044929504
0.17205941677093506	0.3076026439666748	0.9358292818069458	-0.07442569732666016
0.0	0.0	0.0	1.0
15	17	66
0.9544516801834106	-0.04950904846191406	-0.294228732585907	0.36717653274536133
-0.06697049736976624	0.9254255294799805	-0.37296515703201294	0.015058605931699276
0.29075175523757935	0.37568187713623047	0.8799583315849304	-0.20507335662841797
0.0	0.0	0.0	1.0
15	19	66
0.6332207918167114	0.20042958855628967	-0.7475689649581909	0.35554754734039307
-0.24773003160953522	0.9675599336624146	0.04957379400730133	0.04789242148399353
0.7332537770271301	0.15380407869815826	0.6623314619064331	-0.10698771476745605
0.0	0.0	0.0	1.0
15	55	66
0.15294095873832703	-0.16562294960021973	0.9742578268051147	-0.9079097509384155
0.3961086571216583	0.913470983505249	0.09310728311538696	-0.16048535704612732
-0.9053768515586853	0.37167203426361084	0.2053118646144867	0.363633394241333
0.0	0.0	0.0	1.0
15	60	66
0.21802926063537598	-0.3065451979637146	0.9265491962432861	-2.17179012298584
0.46833115816116333	0.865797221660614	0.17624130845069885	-0.323720246553421
-0.8562299013137817	0.3955059051513672	0.33233368396759033	2.046381950378418
0.0	0.0	0.0	1.0
15	61	66
0.4889308214187622	0.4317284822463989	-0.7579954266548157	0.4827451705932617
-0.27693021297454834	0.9008097648620605	0.3344419598579407	-0.9311178922653198
0.8271979093551636	0.0463925376534462	0.5599921941757202	2.4646592140197754
0.0	0.0	0.0	1.0
15	63	66
0.6601204872131348	0.16435009241104126	-0.7329597473144531	1.2653532028198242
-0.13848066329956055	0.9856724739074707	0.09629645943641663	-0.041037142276763916
0.7382845878601074	0.03793372958898544	0.6734220385551453	1.1050794124603271
0.0	0.0	0.0	1.0
15	64	66
-0.21055109798908234	0.4870738685131073	-0.8476009964942932	0.31449222564697266
-0.28825923800468445	0.7975533604621887	0.5299200415611267	-0.8816932439804077
0.9341170787811279	0.35590407252311707	-0.027522310614585876	2.2120704650878906
0.0	0.0	0.0	1.0
16	18	66
0.9072562456130981	0.13666698336601257	-0.3977537155151367	0.18236929178237915
-0.01524275541305542	0.9557945132255554	0.29364025592803955	-0.09078752994537354
0.4203018546104431	-0.26034417748451233	0.8692339062690735	0.02236628532409668
0.0	0.0	0.0	1.0
16	19	66
0.8199842572212219	0.15156190097332	-0.5519552230834961	-0.07522982358932495
-0.009388953447341919	0.9677383303642273	0.25178399682044983	-0.025856822729110718
0.5723087191581726	-0.2012764811515808	0.794953465461731	-0.14229607582092285
0.0	0.0	0.0	1.0
16	57	66
0.7403298020362854	-0.5603189468383789	0.3714226484298706	-0.6559493541717529
0.4722452759742737	0.8267037868499756	0.30585241317749023	0.3981350064277649
-0.4784311056137085	-0.05102895200252533	0.8766413331031799	0.6122065782546997
0.0	0.0	0.0	1.0
16	58	66
0.948550283908844	-0.17203538119792938	0.2658126950263977	-0.5871861577033997
0.06107337772846222	0.9231600761413574	0.3795342445373535	0.016501247882843018
-0.3106807470321655	-0.3437730073928833	0.8861701488494873	1.1938252449035645
0.0	0.0	0.0	1.0
16	61	66
0.9775136113166809	0.1585228592157364	-0.1390613615512848	0.027939319610595703
-0.1973409652709961	0.9201149940490723	-0.338297575712204	0.9031354784965515
0.07432452589273453	0.35813286900520325	0.9307076930999756	1.2530205249786377
0.0	0.0	0.0	1.0
16	62	66
0.8762655258178711	0.3159540295600891	-0.36377406120300293	0.8327352404594421
-0.13543644547462463	0.8860611915588379	0.4433425962924957	-0.3241530656814575
0.4624020755290985	-0.33921775221824646	0.8192166686058044	1.124945044517517
0.0	0.0	0.0	1.0
16	63	66
0.6225485801696777	0.29607826471328735	-0.7244105339050293	1.5789682865142822
0.019200678914785385	0.9196106195449829	0.392360657453537	0.016487598419189453
0.782345175743103	-0.25817275047302246	0.5668177604675293	1.4525009393692017
0.0	0.0	0.0	1.0
16	64	66
0.745179295539856	0.25697267055511475	-0.6153641939163208	0.42613935470581055
0.01703115925192833	0.9151381850242615	0.4027803838253021	-0.019471049308776855
0.6666470170021057	-0.3106238842010498	0.6775654554367065	1.081339716911316
0.0	0.0	0.0	1.0
17	20	66
-0.11383667588233948	-0.6367707252502441	-0.7626036405563354	1.2948474884033203
0.9842922687530518	0.03197389841079712	-0.17362700402736664	0.5904793739318848
0.13494384288787842	-0.7703899145126343	0.6231286525726318	0.6432614326477051
0.0	0.0	0.0	1.0
17	57	66
0.821711003780365	-0.238059401512146	0.5178022384643555	-0.8266200423240662
0.25628024339675903	0.9658800959587097	0.037366315722465515	0.8343818783760071
-0.5090302228927612	0.10199816524982452	0.8546844124794006	0.7222864627838135
0.0	0.0	0.0	1.0
17	58	66
0.8287433385848999	-0.5561181306838989	-0.06258955597877502	0.0259893536567688
-0.29840975999832153	-0.34452226758003235	-0.8900877833366394	2.3720006942749023
0.4734302759170532	0.7563316822052002	-0.45147132873535156	4.617099761962891
0.0	0.0	0.0	1.0
17	61	66
0.15903469920158386	0.9765911102294922	-0.1448366791009903	-1.120885968208313
-0.9870715141296387	0.16024507582187653	-0.0033484622836112976	-0.01505047082901001
0.019939467310905457	0.14349672198295593	0.9894500970840454	1.3479145765304565
0.0	0.0	0.0	1.0
17	62	66
0.871972918510437	0.2586562931537628	-0.4156440794467926	1.081399917602539
0.014117121696472168	0.8353878259658813	0.5494794249534607	-0.10459017753601074
0.4893503189086914	-0.4849989414215088	0.7247841954231262	1.476625680923462
0.0	0.0	0.0	1.0
17	63	66
0.7938703894615173	0.16040879487991333	-0.5865480303764343	1.2424262762069702
0.1418628692626953	0.8891072869300842	0.43515855073928833	0.27932560443878174
0.5913072824478149	-0.4286692142486572	0.6830799579620361	1.1685580015182495
0.0	0.0	0.0	1.0
17	65	66
0.17856737971305847	-0.6958653926849365	-0.6956183314323425	0.4141101837158203
0.9337664842605591	0.34270378947257996	-0.10312461853027344	1.1273642778396606
0.3101519048213959	-0.6311301589012146	0.7109715342521667	1.3172755241394043
0.0	0.0	0.0	1.0
18	21	66
0.9479988813400269	0.09659838676452637	-0.30326059460639954	-0.7510920763015747
-0.06371426582336426	0.991140604019165	0.11653819680213928	0.17387926578521729
0.3118312954902649	-0.09115613996982574	0.945754885673523	-0.48542046546936035
0.0	0.0	0.0	1.0
18	34	66
0.9525774121284485	-0.0906149297952652	0.29049164056777954	-0.5048244595527649
0.08500306308269501	0.9958695769309998	0.031906697899103165	0.7258512377738953
-0.2921830117702484	-0.005700990557670593	0.9563453793525696	-0.7685270309448242
0.0	0.0	0.0	1.0
18	56	66
-0.771737277507782	0.585668683052063	-0.24781766533851624	-0.2910802364349365
-0.2480652779340744	0.0815778374671936	0.9653023481369019	-1.7718605995178223
0.5855637788772583	0.8064348101615906	0.08232720196247101	2.170924186706543
0.0	0.0	0.0	1.0
18	57	66
0.41396480798721313	-0.36231404542922974	0.835081934928894	-0.7000803351402283
0.28431105613708496	0.9229458570480347	0.2594974637031555	-0.2901421785354614
-0.8647546172142029	0.13000015914440155	0.4850770831108093	1.0023058652877808
0.0	0.0	0.0	1.0
18	58	66
0.86823570728302	0.08012699335813522	-0.48963913321495056	-0.461459219455719
-0.011842921376228333	0.9899389743804932	0.14099816977977753	-0.4611407518386841
0.49601051211357117	-0.11662110686302185	0.8604492545127869	-0.07770347595214844
0.0	0.0	0.0	1.0
18	61	66
0.942739725112915	0.18262484669685364	-0.2790883481502533	1.522619366645813
-0.11362957954406738	0.9625760912895203	0.24604085087776184	-0.6525700092315674
0.31357699632644653	-0.2002401351928711	0.9282100796699524	1.786625623703003
0.0	0.0	0.0	1.0
18	65	66
0.46366435289382935	0.5114474296569824	-0.7234891653060913	1.3884038925170898
-0.168919175863266	0.8526192307472229	0.4944760501384735	-1.1015803813934326
0.8697594404220581	-0.10705983638763428	0.48172253370285034	1.923168420791626
0.0	0.0	0.0	1.0
19	22	66
0.999508261680603	-0.007287781685590744	-0.030495906248688698	-1.3359665870666504
0.008315921761095524	0.999396562576294	0.03372332453727722	0.12856677174568176
0.030231745913624763	-0.033960193395614624	0.9989656805992126	-0.27838706970214844
0.0	0.0	0.0	1.0
19	23	66
0.7113065719604492	-0.6882225871086121	-0.14280274510383606	-0.5530392527580261
0.6058022975921631	0.7033045291900635	-0.3719756305217743	0.17653357982635498
0.3564358651638031	0.17807847261428833	0.9171919226646423	-0.2856118679046631
0.0	0.0	0.0	1.0
19	24	66
-0.7981626987457275	-0.08200043439865112	-0.596835196018219	1.971346139907837
0.020322421565651894	0.9864646792411804	-0.16271020472049713	0.5954110622406006
0.6020991206169128	-0.14199838042259216	-0.7856927514076233	5.064064025878906
0.0	0.0	0.0	1.0
19	33	66
0.6143077611923218	0.047627612948417664	0.7876278162002563	-2.956942319869995
-0.2325669825077057	0.9647649526596069	0.12305080890655518	0.35384097695350647
-0.7540150880813599	-0.25876739621162415	0.6037392020225525	1.8264820575714111
0.0	0.0	0.0	1.0
19	34	66
0.2721191644668579	-0.3157615065574646	0.9089805483818054	-2.436436653137207
0.10818195343017578	0.9486775398254395	0.29716548323631287	-0.06600934267044067
-0.9561631679534912	0.01747104525566101	0.2923130989074707	0.9136513471603394
0.0	0.0	0.0	1.0
19	62	66
0.9381704330444336	0.10545983910560608	-0.32971838116645813	2.33925199508667
-0.049895964562892914	0.9837155938148499	0.1726672351360321	-0.3156866431236267
0.342558354139328	-0.14553995430469513	0.9281548857688904	1.0281391143798828
0.0	0.0	0.0	1.0
20	24	66
0.9984635710716248	0.02183644473552704	-0.05092182755470276	-1.5517359972000122
-0.023364223539829254	0.9992885589599609	-0.029599830508232117	-0.10104651749134064
0.05023932456970215	0.030744053423404694	0.998263955116272	0.37990808486938477
0.0	0.0	0.0	1.0
20	25	66
0.9259871244430542	-0.19508306682109833	0.3232504725456238	-1.0797321796417236
0.1199672520160675	0.9638247489929199	0.23801331222057343	-0.6973564028739929
-0.3579891622066498	-0.18161772191524506	0.9158923625946045	0.5484099388122559
0.0	0.0	0.0	1.0
20	32	66
0.23084568977355957	0.7733864784240723	-0.5904098153114319	0.8417375087738037
-0.47395843267440796	0.6193206310272217	0.6259432435035706	-1.037428617477417
0.8497488498687744	0.1353333741426468	0.5095206499099731	1.3265644311904907
0.0	0.0	0.0	1.0
20	33	66
0.891975462436676	-0.17225345969200134	0.41798198223114014	-2.287838935852051
0.08133581280708313	0.9706254005432129	0.22643066942691803	-0.36821940541267395
-0.444707453250885	-0.16797369718551636	0.8797841668128967	1.2032289505004883
0.0	0.0	0.0	1.0
20	35	66
0.04103926196694374	-0.4520490765571594	0.8910486698150635	-2.2662572860717773
0.3553508520126343	0.840096652507782	0.4098333418369293	-0.20229798555374146
-0.9338318109512329	0.2998157739639282	0.1951129287481308	0.773245096206665
0.0	0.0	0.0	1.0
20	63	66
-0.3041778802871704	-0.5317420363426208	0.7903960347175598	-2.689263105392456
-0.35155898332595825	0.8338035345077515	0.4256497621536255	-1.338866949081421
-0.8853709697723389	-0.14839763939380646	-0.4405634105205536	3.481383800506592
0.0	0.0	0.0	1.0
21	25	66
0.9475517272949219	-0.21287670731544495	0.2383873164653778	-0.5960457921028137
0.16361108422279358	0.9638350009918213	0.21036462485790253	-0.962591826915741
-0.27454787492752075	-0.16032861173152924	0.9481128454208374	0.5785131454467773
0.0	0.0	0.0	1.0
21	32	66
0.7842624187469482	0.24123895168304443	-0.5716084837913513	1.7372301816940308
-0.1893903911113739	0.970422625541687	0.1497039496898651	-0.04882553219795227
0.5908163785934448	-0.00914984941482544	0.8067543506622314	0.5649458169937134
0.0	0.0	0.0	1.0
21	35	66
0.07120908796787262	-0.4289518892765045	0.900516152381897	-1.935603380203247
0.3954195976257324	0.8409779667854309	0.3693232834339142	-0.28763556480407715
-0.9157362580299377	0.3297823667526245	0.22950124740600586	0.8810838460922241
0.0	0.0	0.0	1.0
21	47	66
-0.49306192994117737	-0.8178302645683289	0.29672127962112427	-1.13785982131958
0.3450416624546051	-0.4969155192375183	-0.7962545156478882	1.9147857427597046
0.7986465692520142	-0.2902217507362366	0.5271957516670227	1.4097862243652344
0.0	0.0	0.0	1.0
21	48	66
-0.609858512878418	-0.7811908721923828	0.1334674209356308	-1.2952533960342407
0.24390943348407745	-0.3452506363391876	-0.9062615633010864	2.015860080718994
0.7540430426597595	-0.5201374888420105	0.4010940492153168	1.2926580905914307
0.0	0.0	0.0	1.0
21	63	66
0.9304022789001465	0.36409059166908264	-0.0423041395843029	1.2709035873413086
-0.35393619537353516	0.9224114418029785	0.15455308556556702	-0.8871828317642212
0.09529311954975128	-0.12882347404956818	0.9870784282684326	0.4603145122528076
0.0	0.0	0.0	1.0
21	64	66
0.7387212514877319	0.2880348861217499	-0.6093660593032837	2.7730586528778076
-0.23065274953842163	0.9575350284576416	0.17299175262451172	-0.7292873859405518
0.6333169341087341	0.012759312987327576	0.7737874984741211	1.3811943531036377
0.0	0.0	0.0	1.0
21	65	66
0.8085507750511169	0.17542268335819244	-0.5616694092750549	2.009140968322754
-0.1547468900680542	0.9843199253082275	0.08466069400310516	-0.7278226613998413
0.567713737487793	0.018464162945747375	0.8230188488960266	1.5543467998504639
0.0	0.0	0.0	1.0
22	25	66
-0.29476362466812134	0.3054217994213104	-0.9054455757141113	2.1182174682617188
-0.12357605248689651	0.9274040460586548	0.3530582785606384	-0.8609760999679565
0.9475458860397339	0.21596042811870575	-0.2356221079826355	3.373601198196411
0.0	0.0	0.0	1.0
22	26	66
0.3536243438720703	0.2640591859817505	-0.8973419666290283	1.8046038150787354
-0.24277302622795105	0.9523615837097168	0.18457776308059692	-0.9211851358413696
0.9033335447311401	0.1525789201259613	0.4008846879005432	1.7279293537139893
0.0	0.0	0.0	1.0
22	27	66
0.9998519420623779	-0.005656355060636997	0.016237497329711914	-0.6970031261444092
0.0029915980994701385	0.9871664643287659	0.159664586186409	-0.43657755851745605
-0.01693248748779297	-0.15959234535694122	0.9870377779006958	0.8565986156463623
0.0	0.0	0.0	1.0
22	32	66
-0.2837158441543579	0.48449426889419556	-0.8275086879730225	2.2324132919311523
-0.20691612362861633	0.8117068409919739	0.5461848378181458	-0.7905964255332947
0.936318039894104	0.32618603110313416	-0.1300443708896637	2.8838815689086914
0.0	0.0	0.0	1.0
22	35	66
0.1530420482158661	-0.4094119966030121	0.8994219303131104	-1.3550453186035156
0.2950134873390198	0.8875693678855896	0.3538183271884918	-0.14993780851364136
-0.943156898021698	0.21119241416454315	0.2566174864768982	0.7365961074829102
0.0	0.0	0.0	1.0
22	48	66
-0.6115888357162476	-0.7691735625267029	0.1852867156267166	-0.8812450170516968
0.4585728645324707	-0.535466194152832	-0.7092159390449524	1.8010194301605225
0.6447249054908752	-0.34878116846084595	0.6802070140838623	0.6866070032119751
0.0	0.0	0.0	1.0
22	64	66
0.6397334337234497	0.35593485832214355	-0.6812131404876709	2.36940336227417
-0.26724180579185486	0.9340160489082336	0.23705554008483887	-0.6878134608268738
0.7206405401229858	0.03039626032114029	0.692642331123352	1.8569594621658325
0.0	0.0	0.0	1.0
23	26	66
-0.039036825299263	-0.1778590977191925	0.9832814335823059	-2.3084464073181152
-0.013259287923574448	0.984036922454834	0.17746934294700623	-0.11560636758804321
-0.9991496801376343	-0.0061098020523786545	-0.04077206552028656	3.962855100631714
0.0	0.0	0.0	1.0
23	28	66
0.9951434135437012	0.06386280059814453	-0.07490506768226624	-0.7159401178359985
-0.018038131296634674	0.8663951754570007	0.49903249740600586	0.035791754722595215
0.09676685929298401	-0.49525773525238037	0.8633401393890381	0.7642827033996582
0.0	0.0	0.0	1.0
23	31	66
0.19661873579025269	-0.8579152822494507	0.474681556224823	-0.5924088358879089
0.8378974795341492	-0.10439795255661011	-0.5357505083084106	1.3950963020324707
0.5091842412948608	0.50307297706604	0.6983187198638916	0.07797563076019287
0.0	0.0	0.0	1.0
23	34	66
0.4298684000968933	-0.39059361815452576	0.8140330910682678	-0.9651678204536438
0.024127304553985596	0.9062321186065674	0.42209160327911377	0.03801196813583374
-0.9025692343711853	-0.16180318593978882	0.3989846408367157	1.143602967262268
0.0	0.0	0.0	1.0
23	64	66
0.7147482633590698	0.4212914705276489	-0.5582548975944519	2.491802215576172
-0.0800609290599823	0.8422512412071228	0.5331073999404907	-0.5042860507965088
0.6947843432426453	-0.33634310960769653	0.6357263326644897	1.7204731702804565
0.0	0.0	0.0	1.0
24	28	66
0.9786511659622192	-0.038847025483846664	0.20182442665100098	-1.1138296127319336
-0.033068299293518066	0.9394207000732422	0.341168075799942	-0.3508114218711853
-0.20285111665725708	-0.3405587673187256	0.91808021068573	0.7138512134552002
0.0	0.0	0.0	1.0
24	29	66
0.7067335247993469	0.44754329323768616	-0.5479346513748169	-0.5029312968254089
