0	1	60
0.9940189719200134	-0.010860621929168701	0.10866674780845642	-0.010944724082946777
0.020746618509292603	0.9957022666931152	-0.09026262164115906	-0.10788371413946152
-0.10721926391124725	0.09197673201560974	0.9899721145629883	-0.020371198654174805
0.0	0.0	0.0	1.0
0	2	60
0.9451360702514648	-0.1437550187110901	0.29334715008735657	0.07717405259609222
0.13397717475891113	0.9895519018173218	0.053269773721694946	-0.09355748444795609
-0.2979396879673004	-0.011045515537261963	0.9545209407806396	-0.18625926971435547
0.0	0.0	0.0	1.0
1	2	60
0.9756892919540405	-0.12453500926494598	0.18033500015735626	0.1279483139514923
0.10095027089118958	0.9857509136199951	0.13455268740653992	0.01307186484336853
-0.19452179968357086	-0.11307656764984131	0.9743585586547852	-0.15767693519592285
0.0	0.0	0.0	1.0
1	34	60
0.3650347590446472	-0.39208677411079407	0.8444038033485413	-2.3249051570892334
0.16855289041996002	0.9198364019393921	0.3542475402355194	-0.7440444231033325
-0.9156088829040527	0.013014256954193115	0.40185970067977905	1.570063829421997
0.0	0.0	0.0	1.0
1	37	60
0.13279566168785095	-0.6669575572013855	0.7331666350364685	-1.6070208549499512
0.25344422459602356	0.7379752397537231	0.6254265904426575	-0.8945790529251099
-0.9581917524337769	0.10276296734809875	0.26703643798828125	1.9698121547698975
0.0	0.0	0.0	1.0
1	38	60
-0.28351524472236633	-0.5224210619926453	0.8041737675666809	-1.6117429733276367
0.17290788888931274	0.7969899773597717	0.5787138342857361	-0.9147065877914429
-0.943250834941864	0.3031221032142639	-0.13562829792499542	2.0843429565429688
0.0	0.0	0.0	1.0
1	50	60
0.04218407720327377	-0.41920581459999084	0.9069104194641113	-2.557894468307495
0.05474737286567688	0.9073246717453003	0.4168507158756256	-0.8987675309181213
-0.9976087808609009	0.03206631541252136	0.061224907636642456	3.5679574012756348
0.0	0.0	0.0	1.0
2	34	60
0.5472410321235657	-0.301581472158432	0.7807532548904419	-2.806852340698242
0.219832643866539	0.9518670439720154	0.2135937213897705	-0.6663434505462646
-0.8075894713401794	0.054747581481933594	0.5871983766555786	1.1417850255966187
0.0	0.0	0.0	1.0
2	36	60
0.576932430267334	-0.37649667263031006	0.7248443961143494	-2.4994142055511475
0.2758263945579529	0.925101637840271	0.26097244024276733	-0.6047080159187317
-0.7688099145889282	0.049367755651474	0.6375689506530762	1.285196304321289
0.0	0.0	0.0	1.0
2	37	60
0.3406466245651245	-0.5977177619934082	0.7257363796234131	-2.1944384574890137
0.3410648703575134	0.7978829741477966	0.497048556804657	-0.9208245873451233
-0.876147449016571	0.07820548117160797	0.47565677762031555	1.6342132091522217
0.0	0.0	0.0	1.0
2	38	60
-0.0751715749502182	-0.48590344190597534	0.8707740902900696	-2.232304811477661
0.3087785840034485	0.8189814686775208	0.48365840315818787	-0.9510537385940552
-0.9481592774391174	0.30523359775543213	0.08847229182720184	1.7567673921585083
0.0	0.0	0.0	1.0
3	4	60
0.7395954728126526	0.15980921685695648	-0.6538041234016418	0.04723644256591797
-0.11941371113061905	0.9871473908424377	0.10620509833097458	0.012604773044586182
0.6623739004135132	-0.0004757518181577325	0.7491732835769653	0.16927671432495117
0.0	0.0	0.0	1.0
3	6	60
0.6718083620071411	0.12046483159065247	-0.7308638095855713	0.2781968116760254
-0.11868281662464142	0.9914451837539673	0.0543220192193985	-0.005897104740142822
0.731155276298523	0.05024707317352295	0.6803581118583679	0.3031117916107178
0.0	0.0	0.0	1.0
3	31	60
-0.2547166049480438	-0.4624536335468292	0.8492681980133057	-2.829665184020996
0.17139482498168945	0.8427413702011108	0.5103050470352173	-0.3622654676437378
-0.9517055749893188	0.27554336190223694	-0.13539797067642212	2.5423123836517334
0.0	0.0	0.0	1.0
3	47	60
-0.9646975994110107	-0.006803266704082489	0.2632715404033661	-1.7052056789398193
-0.0895305722951889	-0.9316555261611938	-0.3521392047405243	2.3356804847717285
0.24767407774925232	-0.36327874660491943	0.8981567621231079	0.4716801643371582
0.0	0.0	0.0	1.0
4	6	60
0.9964087009429932	0.012518107891082764	-0.083743155002594	0.2217574417591095
-0.01670120656490326	0.9986373782157898	-0.049439072608947754	-0.008892685174942017
0.08301016688346863	0.05066010355949402	0.9952601194381714	-0.052010297775268555
0.0	0.0	0.0	1.0
4	7	60
0.9984222650527954	-0.035841502249240875	0.0432283878326416	0.3455893099308014
0.034193187952041626	0.9986817240715027	0.03828713297843933	-0.12902110815048218
-0.04454350471496582	-0.036748796701431274	0.9983314871788025	0.46079397201538086
0.0	0.0	0.0	1.0
6	7	60
0.9949908256530762	-0.02820611745119095	0.09590435028076172	0.3237413167953491
0.01907697319984436	0.9953128099441528	0.09480910003185272	-0.11213099956512451
-0.09812900424003601	-0.09250468760728836	0.9908651113510132	0.5229840278625488
0.0	0.0	0.0	1.0
8	9	60
0.9631080627441406	0.11882507801055908	-0.24146077036857605	0.33632969856262207
-0.09950679540634155	0.9908922910690308	0.09072559326887131	-0.10255900025367737
0.25004202127456665	-0.0633513480424881	0.966160237789154	0.5699640512466431
0.0	0.0	0.0	1.0
8	10	60
0.7103477120399475	0.2635555863380432	-0.6526449918746948	0.5374751687049866
-0.20303237438201904	0.9645597338676453	0.1685318499803543	-0.15578866004943848
0.6739323735237122	0.012792013585567474	0.7386826276779175	0.6038331985473633
0.0	0.0	0.0	1.0
8	24	60
-0.6358073949813843	-0.204864963889122	0.7441636919975281	-2.0396196842193604
0.21964280307292938	0.8762486577033997	0.42888835072517395	-0.6805068850517273
-0.7399366497993469	0.4361404776573181	-0.5121283531188965	2.6121327877044678
0.0	0.0	0.0	1.0
8	26	60
-0.03134787082672119	-0.29897183179855347	0.953747034072876	-1.9785760641098022
0.22431856393814087	0.9277699589729309	0.2982017397880554	-0.5712801218032837
-0.9740115404129028	0.22329114377498627	0.037981390953063965	2.5547266006469727
0.0	0.0	0.0	1.0
8	28	60
0.10698136687278748	-0.25251781940460205	0.9616599082946777	-1.9437477588653564
0.2862609624862671	0.9340782761573792	0.21342965960502625	-0.6481143832206726
-0.9521604180335999	0.2524528503417969	0.17221516370773315	2.669377326965332
0.0	0.0	0.0	1.0
8	29	60
-0.44228267669677734	-0.4112508296966553	0.7970309853553772	-2.0090596675872803
0.25986313819885254	0.7917940616607666	0.552750289440155	-0.6323369145393372
-0.858403742313385	0.45159101486206055	-0.2433280050754547	2.699849843978882
0.0	0.0	0.0	1.0
9	10	60
0.8811305165290833	0.15799438953399658	-0.44569817185401917	0.2098265290260315
-0.15826836228370667	0.9867070913314819	0.03688365966081619	-0.028476059436798096
0.44560086727142334	0.038040656596422195	0.8944231867790222	-0.03416240215301514
0.0	0.0	0.0	1.0
9	29	60
-0.6382282376289368	-0.3704909086227417	0.6748343706130981	-1.7344850301742554
0.31747952103614807	0.6719056367874146	0.6691411137580872	-0.9745655655860901
-0.7013356685638428	0.6413109302520752	-0.3112056255340576	2.4450128078460693
0.0	0.0	0.0	1.0
10	11	60
0.8764064908027649	0.1338011920452118	-0.46261072158813477	0.2746729850769043
-0.13540711998939514	0.9903385639190674	0.029910534620285034	-0.20139771699905396
0.4621431529521942	0.03642722964286804	0.8860567212104797	0.6839995384216309
0.0	0.0	0.0	1.0
11	12	60
0.9956976175308228	0.042911551892757416	-0.08212678879499435	0.152803435921669
-0.029450014233589172	0.9869018197059631	0.15861093997955322	-0.2611090838909149
0.08785736560821533	-0.1555098295211792	0.983919620513916	0.8521744012832642
0.0	0.0	0.0	1.0
11	15	60
0.3253464102745056	0.4263303577899933	-0.8440333604812622	1.3581511974334717
-0.3095265030860901	0.8914355039596558	0.33096152544021606	-0.7379157543182373
0.8935005068778992	0.15357345342636108	0.4219857156276703	2.235675573348999
0.0	0.0	0.0	1.0
11	17	60
0.4034182131290436	0.5798354744911194	-0.7078448534011841	1.0835750102996826
-0.2683737874031067	0.8145455121994019	0.5142870545387268	-1.0444576740264893
0.8747736215591431	-0.0175057053565979	0.48421511054039	2.0899345874786377
0.0	0.0	0.0	1.0
12	13	60
0.9722065925598145	0.15743248164653778	-0.17329147458076477	0.5508758425712585
-0.14075136184692383	0.9844887256622314	0.10474297404289246	-0.22813795506954193
0.18709346652030945	-0.07744088768959045	0.9792850017547607	0.41823792457580566
0.0	0.0	0.0	1.0
12	14	60
0.8262863755226135	0.26702356338500977	-0.4959327280521393	1.0331509113311768
-0.2765728235244751	0.9593744277954102	0.055748164653778076	-0.45082148909568787
0.4906713366508484	0.09109753370285034	0.8665696382522583	0.8015395402908325
0.0	0.0	0.0	1.0
12	15	60
0.44823747873306274	0.4103657007217407	-0.7941555976867676	1.3070253133773804
-0.4158334732055664	0.8821477890014648	0.22112935781478882	-0.6313105225563049
0.7913066148757935	0.2311178743839264	0.5660553574562073	1.1320139169692993
0.0	0.0	0.0	1.0
12	16	60
0.6653881072998047	0.36516767740249634	-0.6510845422744751	1.0810197591781616
-0.3185080289840698	0.927688717842102	0.19479873776435852	-0.9980981349945068
0.675137996673584	0.07775887846946716	0.7335817813873291	1.1267971992492676
0.0	0.0	0.0	1.0
12	17	60
0.4994828701019287	0.5537250638008118	-0.6662617921829224	1.0408353805541992
-0.3838687241077423	0.830909013748169	0.4027836322784424	-0.9323193430900574
0.7766344547271729	0.05457386374473572	0.627582848072052	0.9986340999603271
0.0	0.0	0.0	1.0
12	18	60
0.6523911952972412	0.5444754958152771	-0.5271927118301392	0.9249705672264099
-0.3743411898612976	0.8363362550735474	0.4005131423473358	-0.9885929822921753
0.6589799523353577	-0.0639415830373764	0.7494378089904785	1.2360622882843018
0.0	0.0	0.0	1.0
12	21	60
0.1412827968597412	0.6891512870788574	-0.7107106447219849	0.5305530428886414
-0.5163042545318604	0.6638375520706177	0.5410634279251099	-1.1394407749176025
0.8446710705757141	0.29049986600875854	0.4496005177497864	1.7487009763717651
0.0	0.0	0.0	1.0
13	14	60
0.9390544295310974	0.14453279972076416	-0.31190842390060425	0.5435056090354919
-0.17701604962348938	0.9810866117477417	-0.07832002639770508	-0.19508740305900574
0.2946893572807312	0.128759503364563	0.9468785524368286	0.2607607841491699
0.0	0.0	0.0	1.0
13	15	60
0.6446809768676758	0.33126580715179443	-0.6889477372169495	0.9120819568634033
-0.4067949056625366	0.9116946458816528	0.05771180987358093	-0.35849517583847046
0.6472281217575073	0.24305462837219238	0.7225095629692078	0.5275212526321411
0.0	0.0	0.0	1.0
13	16	60
0.8228079080581665	0.2467058151960373	-0.5119801163673401	0.7366888523101807
-0.26113438606262207	0.9642542004585266	0.04496997594833374	-0.7543457746505737
0.5047733783721924	0.09669411182403564	0.8578194379806519	0.5197625160217285
0.0	0.0	0.0	1.0
13	17	60
0.691426694393158	0.4348788857460022	-0.5768964290618896	0.673576295375824
-0.3580126166343689	0.8998388051986694	0.249232679605484	-0.6762908697128296
0.627500057220459	0.034210026264190674	0.7778648138046265	0.41364026069641113
0.0	0.0	0.0	1.0
13	18	60
0.8185941576957703	0.39965584874153137	-0.41252726316452026	0.6009893417358398
-0.3145765960216522	0.9128812551498413	0.26017168164253235	-0.766128659248352
0.4805676341056824	-0.08320331573486328	0.8730016350746155	0.6517983675003052
0.0	0.0	0.0	1.0
14	15	60
0.8608909845352173	0.2243863344192505	-0.4566371440887451	0.4886554181575775
-0.22209016978740692	0.9732080101966858	0.059520334005355835	-0.09175070375204086
0.4577583968639374	0.050174176692962646	0.8876597881317139	0.1683570146560669
0.0	0.0	0.0	1.0
14	16	60
0.969368040561676	0.08906318247318268	-0.22889630496501923	0.3342244029045105
-0.07165119796991348	0.9939450621604919	0.08330193161964417	-0.4941146969795227
0.23492944240570068	-0.0643492341041565	0.9698801040649414	0.23077392578125
0.0	0.0	0.0	1.0
14	17	60
0.8926507830619812	0.26235586404800415	-0.36652931571006775	0.2772659659385681
-0.16759593784809113	0.9480403065681458	0.2704266905784607	-0.45645594596862793
0.41843274235725403	-0.17996761202812195	0.8902391195297241	0.16227400302886963
0.0	0.0	0.0	1.0
14	18	60
0.966657280921936	0.1885489672422409	-0.17327289283275604	0.2566540241241455
-0.12805405259132385	0.9418942332267761	0.3105437755584717	-0.5056444406509399
0.22175747156143188	-0.2780008018016815	0.9346332550048828	0.39942383766174316
0.0	0.0	0.0	1.0
14	20	60
0.9870340824127197	0.10511061549186707	-0.12130831182003021	0.34581631422042847
-0.0917334333062172	0.9895730018615723	0.11104413866996765	-0.7910223007202148
0.1317153424024582	-0.09847649931907654	0.9863840937614441	0.9115138053894043
0.0	0.0	0.0	1.0
14	21	60
0.6779282689094543	0.5261275172233582	-0.5134233832359314	0.23243272304534912
-0.37431275844573975	0.8481451272964478	0.37488627433776855	-0.7180325984954834
0.6326954364776611	-0.06196507811546326	0.7719175815582275	1.038964033126831
0.0	0.0	0.0	1.0
15	16	60
0.9568348526954651	-0.17454305291175842	0.23238278925418854	-0.015263423323631287
0.16253995895385742	0.9842164516448975	0.06998902559280396	-0.40475910902023315
-0.24093104898929596	-0.02919638156890869	0.9701029062271118	0.0990678071975708
0.0	0.0	0.0	1.0
15	17	60
0.9977241158485413	-0.06200934201478958	0.026486389338970184	-0.0794769823551178
0.054831162095069885	0.9747287034988403	0.21655899286270142	-0.38648995757102966
-0.03924577683210373	-0.2146141231060028	0.9759101271629333	0.06123673915863037
0.0	0.0	0.0	1.0
15	18	60
0.963100790977478	-0.17294110357761383	0.20622287690639496	0.012516230344772339
0.10297197103500366	0.9447027444839478	0.31134098768234253	-0.44251611828804016
-0.24866297841072083	-0.2786175012588501	0.9276523590087891	0.28067851066589355
0.0	0.0	0.0	1.0
15	21	60
0.9577718377113342	0.22826959192752838	-0.17483066022396088	0.3317616879940033
-0.17690995335578918	0.9471718072891235	0.2675221860408783	-0.5937104225158691
0.22666193544864655	-0.22529593110084534	0.9475579857826233	0.8415547609329224
0.0	0.0	0.0	1.0
16	17	60
0.9747903943061829	0.14981108903884888	-0.1653483510017395	-0.07809275388717651
-0.11805158853530884	0.9751360416412354	0.18754738569259644	0.015812158584594727
0.18933381140232086	-0.16329985857009888	0.9682387113571167	-0.046841979026794434
0.0	0.0	0.0	1.0
16	18	60
0.9984345436096191	0.04686359316110611	0.03053709864616394	-0.03980486840009689
-0.052691515535116196	0.9712086915969849	0.23233050107955933	-0.03026653826236725
-0.018770046532154083	-0.23357580602169037	0.9721574783325195	0.18209969997406006
0.0	0.0	0.0	1.0
16	19	60
0.9476236701011658	-0.09733526408672333	0.3041961193084717	0.2211235612630844
0.03807491436600685	0.98006671667099	0.194986954331398	-0.43078383803367615
-0.3171115815639496	-0.17319199442863464	0.9324402213096619	0.7709896564483643
0.0	0.0	0.0	1.0
16	20	60
0.9942640662193298	0.01919775828719139	0.1052178218960762	0.19953599572181702
-0.023928549140691757	0.9987499117851257	0.04388554394245148	-0.35288628935813904
-0.10424379259347916	-0.04615139961242676	0.9934803247451782	0.6346530914306641
0.0	0.0	0.0	1.0
16	21	60
0.8402006030082703	0.43494439125061035	-0.32386165857315063	0.0830506682395935
-0.35203513503074646	0.8917551040649414	0.2843306362628937	-0.29386693239212036
0.4124734103679657	-0.12488406896591187	0.9023690223693848	0.7796881198883057
0.0	0.0	0.0	1.0
17	18	60
0.9795502424240112	-0.09496897459030151	0.17737576365470886	0.11260777711868286
0.0821310356259346	0.9935346245765686	0.07838365435600281	-0.09030860662460327
-0.18367290496826172	-0.06221279501914978	0.9810169339179993	0.2029801607131958
0.0	0.0	0.0	1.0
17	21	60
0.938572108745575	0.2906852960586548	-0.18597030639648438	0.3635343611240387
-0.2830331027507782	0.9567634463310242	0.0670543909072876	-0.39330199360847473
0.19742117822170258	-0.010299772024154663	0.9802645444869995	0.7153818607330322
0.0	0.0	0.0	1.0
17	22	60
0.596583902835846	0.6747121214866638	-0.4345707297325134	0.2969028949737549
-0.6055483222007751	0.7337965369224548	0.30798453092575073	-0.2771819233894348
0.5266872644424438	0.07941460609436035	0.846341609954834	0.7389694452285767
0.0	0.0	0.0	1.0
18	19	60
0.9522444605827332	-0.1708974689245224	0.2530308663845062	0.31809502840042114
0.18107450008392334	0.9833167791366577	-0.017313621938228607	-0.5001347064971924
-0.24585068225860596	0.06230424717068672	0.9673032164573669	0.47595739364624023
0.0	0.0	0.0	1.0
18	20	60
0.9956929087638855	-0.036636412143707275	0.08516471087932587	0.24380797147750854
0.05172041803598404	0.9818829298019409	-0.1822938174009323	-0.4067493677139282
-0.07694317400455475	0.18591344356536865	0.9795488715171814	0.369083046913147
0.0	0.0	0.0	1.0
18	21	60
0.8596420288085938	0.3728615641593933	-0.3492705225944519	0.10786032676696777
-0.38558363914489746	0.9219989776611328	0.03525644540786743	-0.3711271286010742
0.33517295122146606	0.10436519980430603	0.9363584518432617	0.5224922895431519
0.0	0.0	0.0	1.0
19	20	60
0.9765726923942566	0.0934167206287384	-0.19385385513305664	-0.02601739764213562
-0.12254761904478073	0.981935441493988	-0.14416849613189697	0.11098556220531464
0.17688438296318054	0.16454747319221497	0.9703793525695801	-0.12597274780273438
0.0	0.0	0.0	1.0
20	21	60
0.7914674878120422	0.4265422821044922	-0.4377673864364624	-0.11426794528961182
-0.3619418740272522	0.904224693775177	0.22666126489639282	0.05883944034576416
0.49252092838287354	-0.02094849944114685	0.8700482845306396	0.14935708045959473
0.0	0.0	0.0	1.0
21	22	60
0.8361533880233765	0.43137961626052856	-0.33876103162765503	-0.07307463884353638
-0.4050588607788086	0.9020812511444092	0.14891986548900604	0.10345833003520966
0.36983102560043335	0.012698113918304443	0.9290123581886292	0.05156373977661133
0.0	0.0	0.0	1.0
22	23	60
0.977323591709137	-0.014807596802711487	-0.21123407781124115	-0.12292999029159546
-0.0836443230509758	0.8894317746162415	-0.44934937357902527	-0.06756722927093506
0.19453208148479462	0.45682817697525024	0.8680238723754883	-0.13359951972961426
0.0	0.0	0.0	1.0
23	31	60
0.9923644065856934	0.08227324485778809	-0.09189185500144958	-0.8500099182128906
-0.06860173493623734	0.9873236417770386	0.1431291103363037	-0.34019216895103455
0.10250268131494522	-0.13573220372200012	0.9854289293289185	0.726080060005188
0.0	0.0	0.0	1.0
23	32	60
0.9617498517036438	-0.11235512048006058	0.24982766807079315	-0.8036381006240845
0.03348194807767868	0.9533910155296326	0.29987508058547974	-0.5361302495002747
-0.27187585830688477	-0.2800401747226715	0.9206851124763489	0.6775186061859131
0.0	0.0	0.0	1.0
23	42	60
0.08618391305208206	-0.45156222581863403	0.8880674839019775	-2.798938751220703
0.4492143392562866	0.8132435083389282	0.3699209988117218	-0.9526638984680176
-0.889257550239563	0.36705130338668823	0.2729368209838867	2.426255226135254
0.0	0.0	0.0	1.0
24	25	60
0.8339133262634277	0.15306438505649567	-0.5302452445030212	-0.025880277156829834
-0.17644888162612915	0.9842876195907593	0.006631586700677872	-0.03564468026161194
0.5229288339614868	0.08803136646747589	0.8478185534477234	0.08560395240783691
0.0	0.0	0.0	1.0
24	26	60
0.7939261198043823	0.24324950575828552	-0.5572347640991211	0.011768639087677002
-0.22284367680549622	0.9691230058670044	0.1055520549416542	0.013700366020202637
0.5657046437263489	0.04037567228078842	0.8236187100410461	0.114959716796875
0.0	0.0	0.0	1.0
24	28	60
0.6529347896575928	0.20825527608394623	-0.7282211184501648	0.003646552562713623
-0.21511076390743256	0.9728535413742065	0.08534304797649384	0.02902713418006897
0.7262256145477295	0.10092483460903168	0.680007815361023	0.08970344066619873
0.0	0.0	0.0	1.0
24	29	60
0.95880526304245	0.1175842359662056	-0.2585870325565338	0.06693792343139648
-0.06611628085374832	0.9776814579963684	0.19941940903663635	0.10708877444267273
0.2762643098831177	-0.17410781979560852	0.94517982006073	0.04441237449645996
0.0	0.0	0.0	1.0
24	30	60
0.9967432618141174	0.0014230813831090927	-0.08062338083982468	-0.13149818778038025
-0.00803812500089407	0.9966176748275757	-0.08178377151489258	-0.1617959439754486
0.08023428171873093	0.08216544985771179	0.9933837056159973	0.4075639247894287
0.0	0.0	0.0	1.0
24	31	60
0.9369874000549316	-0.11703824996948242	0.3291751742362976	-0.29308032989501953
0.04880087077617645	0.976825475692749	0.20840030908584595	-0.3188750147819519
-0.3459373712539673	-0.17920437455177307	0.9209848642349243	0.9227259159088135
0.0	0.0	0.0	1.0
25	26	60
0.997873067855835	0.053635284304618835	-0.03704792261123657	0.020284608006477356
-0.04979034513235092	0.9939514994621277	0.0978834331035614	0.0408816933631897
0.04207387566566467	-0.09583061188459396	0.9945080876350403	0.013806343078613281
0.0	0.0	0.0	1.0
25	27	60
0.8928035497665405	0.18237115442752838	-0.41187652945518494	0.05569571256637573
-0.18739400804042816	0.9818699359893799	0.028549112379550934	0.044655054807662964
0.40961554646492004	0.05169433355331421	0.910792350769043	0.0770038366317749
0.0	0.0	0.0	1.0
25	28	60
0.9650099873542786	0.062317825853824615	-0.25470036268234253	-0.010364986024796963
-0.055559173226356506	0.997888445854187	0.03365249186754227	0.07557244598865509
0.2562595307826996	-0.018324188888072968	0.9664342403411865	-0.013038873672485352
0.0	0.0	0.0	1.0
25	29	60
0.9530429840087891	-0.1658312827348709	0.25339382886886597	0.01812693476676941
0.10249942541122437	0.9639963507652283	0.24536633491516113	0.1368391513824463
-0.2849603295326233	-0.20787188410758972	0.9357278347015381	-0.06903529167175293
0.0	0.0	0.0	1.0
26	27	60
0.9246116876602173	0.07376597821712494	-0.3737002909183502	0.023362576961517334
-0.11543076485395432	0.9891990423202515	-0.09033814072608948	-0.00243167020380497
0.3630000352859497	0.12666432559490204	0.923139750957489	0.04814040660858154
0.0	0.0	0.0	1.0
26	28	60
0.9772026538848877	0.013758271932601929	-0.21186308562755585	-0.026651427149772644
-0.029898954555392265	0.9968716502189636	-0.0731707513332367	0.0293881893157959
0.21019354462623596	0.07783704996109009	0.9745565056800842	-0.015305399894714355
0.0	0.0	0.0	1.0
26	29	60
0.9347187280654907	-0.2147034853696823	0.2832028865814209	-0.006753742694854736
0.1714361310005188	0.9704375863075256	0.1698841005563736	0.09164479374885559
-0.3113052248954773	-0.11024270206689835	0.9438939094543457	-0.07321596145629883
0.0	0.0	0.0	1.0
27	28	60
0.9853006601333618	-0.08296629786491394	0.1493287980556488	-0.047025494277477264
0.07855798304080963	0.9962884187698364	0.03519079089164734	0.01552341878414154
-0.1516941785812378	-0.022942520678043365	0.9881611466407776	-0.0486912727355957
0.0	0.0	0.0	1.0
28	29	60
0.8428906798362732	-0.2548442482948303	0.47390857338905334	0.002840876579284668
0.15161393582820892	0.9575302600860596	0.24525223672389984	0.05322989821434021
-0.5162830948829651	-0.13486957550048828	0.8457316160202026	-0.0601654052734375
0.0	0.0	0.0	1.0
29	30	60
0.9794961810112	-0.036917634308338165	0.19805121421813965	-0.05717375874519348
0.090872623026371	0.9583404064178467	-0.27078714966773987	-0.3327532708644867
-0.17980366945266724	0.2832324504852295	0.9420455098152161	0.3380429744720459
0.0	0.0	0.0	1.0
29	31	60
0.7939279675483704	-0.24436646699905396	0.5567430853843689	-0.0672839879989624
0.23153632879257202	0.9681973457336426	0.09478670358657837	-0.6366363763809204
-0.5621998906135559	0.05365234613418579	0.8252589702606201	0.844348669052124
0.0	0.0	0.0	1.0
30	31	60
0.9111124277114868	-0.15010225772857666	0.3838542699813843	-0.09436005353927612
0.033350586891174316	0.9551221132278442	0.294329434633255	-0.13144135475158691
-0.41080722212791443	-0.2553654611110687	0.87522953748703	0.5356180667877197
0.0	0.0	0.0	1.0
30	32	60
0.6786108613014221	-0.38647904992103577	0.6245973110198975	-0.0532069206237793
0.0682627260684967	0.8798781633377075	0.4702712893486023	-0.33968105912208557
-0.7313193082809448	-0.2764941155910492	0.6234768033027649	0.503757119178772
0.0	0.0	0.0	1.0
31	32	60
0.92017662525177	-0.22050528228282928	0.32349929213523865	0.04914236068725586
0.16030719876289368	0.9660694599151611	0.20251208543777466	-0.2027173638343811
-0.3571777939796448	-0.13448742032051086	0.924303412437439	-0.07156920433044434
0.0	0.0	0.0	1.0
31	33	60
0.9668480157852173	-0.07455810904502869	0.24422462284564972	-0.0759148895740509
0.09295351803302765	0.9935681819915771	-0.06466636061668396	-0.4864841401576996
-0.2378324270248413	0.08522418141365051	0.9675600528717041	0.41588783264160156
0.0	0.0	0.0	1.0
31	47	60
0.2845700979232788	-0.6664245128631592	0.6891287565231323	-1.8461886644363403
0.4782786965370178	0.7216905951499939	0.5004120469093323	-1.4132636785507202
-0.8308244943618774	0.18719321489334106	0.5241081714630127	0.8488295078277588
0.0	0.0	0.0	1.0
31	48	60
0.16342902183532715	-0.5005137324333191	0.8501630425453186	-2.811382293701172
0.6069535613059998	0.730371356010437	0.3133130371570587	-1.6246616840362549
-0.777752161026001	0.46480491757392883	0.42315226793289185	2.0481741428375244
0.0	0.0	0.0	1.0
33	34	60
0.8752052783966064	0.14681631326675415	-0.4609347879886627	-0.3219497799873352
-0.16940714418888092	0.9855155944824219	-0.0077589452266693115	-0.28177836537361145
0.4531193673610687	0.08487644791603088	0.8873999714851379	0.6202442646026611
0.0	0.0	0.0	1.0
33	36	60
0.8723524212837219	0.12001484632492065	-0.47391757369041443	-0.4830188453197479
-0.10572900623083115	0.9927720427513123	0.056791603565216064	-0.31258660554885864
0.47730809450149536	0.0005643963813781738	0.8787359595298767	0.9514750242233276
0.0	0.0	0.0	1.0
33	38	60
0.9702751636505127	-0.19577834010124207	0.14225652813911438	-0.9937281608581543
0.18190251290798187	0.9777082204818726	0.10487081110477448	-0.6514527201652527
-0.1596168875694275	-0.07587671279907227	0.984258770942688	1.1784656047821045
0.0	0.0	0.0	1.0
33	41	60
0.44801563024520874	-0.5010716319084167	0.7404117584228516	-1.5447566509246826
0.410502552986145	0.8510078191757202	0.32752636075019836	-0.419382244348526
-0.7942100763320923	0.15720418095588684	0.5869559049606323	1.2013899087905884
0.0	0.0	0.0	1.0
33	42	60
0.21963739395141602	-0.5369222164154053	0.8145389556884766	-1.9811490774154663
0.4860844612121582	0.7841373682022095	0.38581135869026184	-0.30665314197540283
-0.8458608984947205	0.31119635701179504	0.4332154095172882	1.0038105249404907
0.0	0.0	0.0	1.0
33	47	60
0.307203084230423	-0.38784652948379517	0.8690231442451477	-2.4551169872283936
0.497575581073761	0.8438757658004761	0.2007283717393875	-0.017045557498931885
-0.8111995458602905	0.3707403540611267	0.45222437381744385	0.7413928508758545
0.0	0.0	0.0	1.0
33	48	60
0.7468400001525879	-0.10394886136054993	0.6568294167518616	-2.5105631351470947
0.2782912850379944	0.9459152221679688	-0.16672860085964203	0.34526342153549194
-0.6039734482765198	0.30730921030044556	0.7353754639625549	0.7627773284912109
0.0	0.0	0.0	1.0
34	35	60
0.9487301111221313	0.04106271266937256	-0.3134094774723053	-0.1454262137413025
-0.11000490188598633	0.9724358320236206	-0.20559030771255493	-0.04906584322452545
0.29632842540740967	0.22952605783939362	0.9270961880683899	0.02449512481689453
0.0	0.0	0.0	1.0
34	36	60
0.9986210465431213	-0.046592965722084045	-0.02419983595609665	0.012847617268562317
0.0480012446641922	0.9969646334648132	0.061300039291381836	-0.024697359651327133
0.02127007395029068	-0.06237739324569702	0.997826099395752	0.3700575828552246
0.0	0.0	0.0	1.0
34	37	60
0.96142578125	-0.2388235628604889	0.1364680975675583	-0.14252084493637085
0.19461846351623535	0.941225528717041	0.2760760188102722	-0.4029669761657715
-0.1943807154893875	-0.23886731266975403	0.9513981342315674	0.749679446220398
0.0	0.0	0.0	1.0
35	50	60
0.7715378999710083	-0.20061922073364258	0.6037225723266602	-1.5896981954574585
0.08362242579460144	0.9727233052253723	0.21637283265590668	0.10670009255409241
-0.6306635737419128	-0.11645536124706268	0.7672690153121948	1.1911197900772095
0.0	0.0	0.0	1.0
36	37	60
0.963768720626831	-0.19592328369617462	0.18100784718990326	-0.1742922067642212
0.15669897198677063	0.965018630027771	0.2102019488811493	-0.39962008595466614
-0.21585950255393982	-0.17422252893447876	0.9607555866241455	0.3680531978607178
0.0	0.0	0.0	1.0
36	48	60
0.3636167645454407	-0.22560721635818481	0.903816819190979	-1.9377648830413818
0.444383829832077	0.8947283625602722	0.0445573627948761	0.07733865082263947
-0.818722665309906	0.3854392468929291	0.4255940318107605	0.6261047124862671
0.0	0.0	0.0	1.0
36	49	60
0.8163840770721436	-0.14004212617874146	0.5602724552154541	-1.9598815441131592
0.24621860682964325	0.9619643688201904	-0.1183234453201294	0.13098426163196564
-0.5223917961120605	0.23454715311527252	0.8198134899139404	0.453593373298645
0.0	0.0	0.0	1.0
37	38	60
0.9089220762252808	-0.1585635393857956	0.3856399953365326	-0.13440704345703125
0.21953417360782623	0.9682836532592773	-0.11929526925086975	-0.010300993919372559
-0.35449302196502686	0.19309139251708984	0.9149047136306763	0.010405778884887695
0.0	0.0	0.0	1.0
37	49	60
0.937436580657959	-0.02357649803161621	0.34735748171806335	-1.6551746129989624
0.15651120245456696	0.9197463393211365	-0.35996025800704956	0.8417586088180542
-0.310994416475296	0.3918048143386841	0.8658936023712158	-0.13614487648010254
0.0	0.0	0.0	1.0
38	39	60
0.9337934255599976	-0.1421458125114441	0.32836687564849854	0.17626291513442993
0.19213742017745972	0.9733709096908569	-0.12503060698509216	0.1464148461818695
-0.3018501102924347	0.17984403669834137	0.9362386465072632	0.06057858467102051
0.0	0.0	0.0	1.0
39	40	60
0.9290835857391357	-0.1309031844139099	0.3459307551383972	-0.06319086253643036
0.1262279450893402	0.99134361743927	0.036116547882556915	0.047063738107681274
-0.3476639986038208	0.010110631585121155	0.9375647306442261	0.006963014602661133
0.0	0.0	0.0	1.0
40	41	60
0.9985893964767456	-0.007890433073043823	0.0525105819106102	-0.20501069724559784
0.002669602632522583	0.9951077103614807	0.09876100718975067	0.2636150121688843
-0.0530330091714859	-0.09848139435052872	0.9937248229980469	-0.4411659240722656
0.0	0.0	0.0	1.0
41	42	60
0.9759048819541931	-0.12185293436050415	0.18100115656852722	-0.020666344091296196
0.12761270999908447	0.9916124939918518	-0.020480185747146606	0.2711402177810669
-0.17698746919631958	0.04308466613292694	0.983269453048706	-0.3664662837982178
0.0	0.0	0.0	1.0
41	43	60
0.8302777409553528	-0.1795804500579834	0.5276268720626831	-0.11185014247894287
0.274966835975647	0.9554246068000793	-0.10750618577003479	0.2696182131767273
-0.48480165004730225	0.2343393862247467	0.8426461219787598	-0.5788741111755371
0.0	0.0	0.0	1.0
41	44	60
0.8784143328666687	-0.15376368165016174	0.45248812437057495	-0.03709656000137329
0.2572619616985321	0.9500733017921448	-0.17657020688056946	0.35766342282295227
-0.4027467370033264	0.27150970697402954	0.8741154074668884	-0.4792743921279907
0.0	0.0	0.0	1.0
41	45	60
0.7484338283538818	-0.1377931535243988	0.6487374305725098	-0.5143427848815918
0.36430037021636963	0.9028074145317078	-0.22852715849876404	0.4490393102169037
-0.5541954040527344	0.4073725938796997	0.7258894443511963	-0.19407153129577637
0.0	0.0	0.0	1.0
41	46	60
0.9229806661605835	-0.05693903565406799	0.3806111216545105	-0.033632587641477585
0.1679450422525406	0.9494462013244629	-0.26522964239120483	0.583628237247467
-0.3462677597999573	0.30872365832328796	0.8858828544616699	-0.5211797952651978
0.0	0.0	0.0	1.0
41	47	60
0.9945480823516846	-0.08053281903266907	0.06623779237270355	0.21645574271678925
0.09141820669174194	0.9789692759513855	-0.18237808346748352	0.6673760414123535
-0.05015736073255539	0.18743926286697388	0.9809945225715637	-0.8053798675537109
0.0	0.0	0.0	1.0
41	48	60
0.9193600416183472	0.046667397022247314	-0.3906393051147461	0.27952253818511963
-0.1373170018196106	0.9685571193695068	-0.2074640989303589	0.7576000094413757
0.3686745762825012	0.24437585473060608	0.8968608975410461	-0.898097038269043
0.0	0.0	0.0	1.0
42	43	60
0.9289820194244385	-0.07336711883544922	0.36278045177459717	-0.08199036121368408
0.1296839714050293	0.9825435876846313	-0.1333804428577423	-0.029074471443891525
-0.3466618061065674	0.17095500230789185	0.9222797155380249	-0.2090907096862793
0.0	0.0	0.0	1.0
42	44	60
0.9286146759986877	-0.09240341186523438	0.35935574769973755	-0.19827312231063843
0.18590396642684937	0.9540320038795471	-0.23508012294769287	0.21274131536483765
-0.3211144208908081	0.2851046025753021	0.903106153011322	-0.06864500045776367
0.0	0.0	0.0	1.0
42	45	60
0.8835999369621277	-0.0870734304189682	0.4600761830806732	-0.46023809909820557
0.22827816009521484	0.9379884004592896	-0.260897159576416	0.20086678862571716
-0.4088287949562073	0.3355538845062256	0.8486830592155457	0.06989407539367676
0.0	0.0	0.0	1.0
42	46	60
0.9837985634803772	0.012771379202604294	0.17882244288921356	0.06561413407325745
0.03728758543729782	0.9610695838928223	-0.2737782597541809	0.3058340549468994
-0.17535735666751862	0.27601051330566406	0.945022702217102	-0.15587139129638672
0.0	0.0	0.0	1.0
42	47	60
0.9906671047210693	0.009383603930473328	-0.13598181307315826	0.36402374505996704
-0.03160923719406128	0.9862476587295532	-0.16222527623176575	0.38115835189819336
0.1325894594192505	0.1650092899799347	0.9773393273353577	-0.37420654296875
0.0	0.0	0.0	1.0
42	48	60
0.8259284496307373	0.13929644227027893	-0.5462961792945862	0.3898972272872925
-0.24807268381118774	0.9599405527114868	-0.13028433918952942	0.4658188223838806
0.5062636733055115	0.24312666058540344	0.8273974657058716	-0.49883246421813965
0.0	0.0	0.0	1.0
43	44	60
0.9982361793518066	-0.05478885397315025	-0.022879809141159058	-0.1104651391506195
0.05200652778148651	0.9927595853805542	-0.10827608406543732	0.27810800075531006
0.028646472841501236	0.1068950891494751	0.993857741355896	0.055588722229003906
0.0	0.0	0.0	1.0
43	45	60
0.9954795241355896	-0.058977287262678146	0.07444188743829727	-0.370746910572052
0.06941097974777222	0.9867851734161377	-0.14641427993774414	0.30692726373672485
-0.06482288241386414	0.15091952681541443	0.9864183664321899	0.08080673217773438
0.0	0.0	0.0	1.0
43	46	60
0.9766677618026733	0.04382410645484924	-0.21023617684841156	0.19999560713768005
-0.06859560310840607	0.9913356304168701	-0.11201965808868408	0.2990894317626953
0.20350557565689087	0.12382715940475464	0.9712119102478027	0.07323694229125977
0.0	0.0	0.0	1.0
43	47	60
0.8815903663635254	0.07462252676486969	-0.4660789966583252	0.4676787257194519
-0.07531879842281342	0.9970118999481201	0.017163008451461792	0.3334135413169861
0.465967059135437	0.01997402310371399	0.8845765590667725	-0.0480654239654541
0.0	0.0	0.0	1.0
44	45	60
0.9952555894851685	-0.013654940761625767	0.09632895141839981	-0.2602870464324951
0.01877693459391594	0.9984461665153503	-0.052467238157987595	0.06335848569869995
-0.09546288102865219	0.05402684956789017	0.9939658641815186	0.028588533401489258
0.0	0.0	0.0	1.0
44	46	60
0.9741365313529968	0.10304541885852814	-0.201095312833786	0.334158331155777
-0.10532529652118683	0.9944376349449158	-0.0006414055824279785	0.016790717840194702
0.19991061091423035	0.021805286407470703	0.9795713424682617	0.011068582534790039
0.0	0.0	0.0	1.0
44	47	60
0.8827678561210632	0.14611788094043732	-0.44650954008102417	0.5955648422241211
-0.09342531859874725	0.9860212206840515	0.13796481490135193	0.02429172396659851
0.4604269564151764	-0.0800757110118866	0.8840787410736084	-0.11953067779541016
0.0	0.0	0.0	1.0
45	46	60
0.947020411491394	0.11724315583705902	-0.2990090250968933	0.6050772666931152
-0.10587857663631439	0.9929124712944031	0.05398821830749512	-0.052875906229019165
0.30321940779685974	-0.019469335675239563	0.9527217745780945	0.04368400573730469
0.0	0.0	0.0	1.0
45	47	60
0.8292235136032104	0.16331747174263	-0.5345236659049988	0.8896790742874146
-0.07210640609264374	0.9796234369277954	0.18745172023773193	-0.05067586898803711
0.5542461276054382	-0.11689653992652893	0.8241032361984253	-0.05963397026062012
0.0	0.0	0.0	1.0
46	47	60
0.9534145593643188	0.01241983100771904	-0.3014066219329834	0.3145408630371094
0.02092084288597107	0.9940240383148193	0.10713735222816467	0.028950899839401245
0.3009360432624817	-0.10845169425010681	0.9474572539329529	-0.17413735389709473
0.0	0.0	0.0	1.0
46	48	60
0.8579046130180359	-0.37740451097488403	-0.3486623764038086	-0.5324999690055847
0.4144960939884186	0.9093557596206665	0.03557407110929489	0.03128427267074585
0.30363208055496216	-0.17503830790519714	0.9365730881690979	-0.7383840084075928
0.0	0.0	0.0	1.0
47	48	60
0.8578606843948364	0.16289305686950684	-0.48738229274749756	0.1730208396911621
-0.17167635262012482	0.9847844839096069	0.026960641145706177	-0.007163703441619873
0.4843582510948181	0.060543499886989594	0.8727725148200989	-0.07649731636047363
0.0	0.0	0.0	1.0
48	49	60
0.8341869115829468	0.1857931911945343	-0.5192427635192871	0.15449225902557373
-0.17191006243228912	0.9822323322296143	0.07527676224708557	0.004730671644210815
0.5240029096603394	0.0264681875705719	0.8513052463531494	-0.08440470695495605
0.0	0.0	0.0	1.0
48	50	60
0.6723455190658569	0.31213945150375366	-0.6712086796760559	0.2171308398246765
-0.2635616660118103	0.9482695460319519	0.17697647213935852	-0.029090404510498047
0.6917276978492737	0.0579153448343277	0.7198325991630554	-0.17901897430419922
0.0	0.0	0.0	1.0
49	50	60
0.9625385403633118	0.12738582491874695	-0.23935827612876892	0.07735738158226013
-0.11683914065361023	0.9914669990539551	0.05780777335166931	0.0004973113536834717
0.2446797788143158	-0.027675509452819824	0.9692087173461914	-0.1218571662902832
0.0	0.0	0.0	1.0
49	51	60
0.9253020286560059	0.06860724091529846	-0.3729740381240845	0.03886270523071289
-0.07261195778846741	0.9973551034927368	0.0033183693885803223	-0.2510922849178314
0.372215211391449	0.024011775851249695	0.9278359413146973	0.012830972671508789
0.0	0.0	0.0	1.0
50	51	60
0.9894627332687378	-0.04473596811294556	-0.13770267367362976	0.027144037187099457
0.03740289807319641	0.997763991355896	-0.05538885295391083	-0.2960692048072815
0.1398724913597107	0.04965470731258392	0.9889236688613892	0.11477971076965332
0.0	0.0	0.0	1.0
51	55	60
0.8560676574707031	0.20319652557373047	-0.4752461910247803	1.4058271646499634
-0.14936065673828125	0.9775073528289795	0.14889821410179138	-0.13001477718353271
0.49481236934661865	-0.05648398399353027	0.86716228723526	0.7539572715759277
0.0	0.0	0.0	1.0
52	53	60
0.9102661609649658	0.16098280251026154	-0.3814444839954376	0.5859079360961914
-0.14626458287239075	0.9869410991668701	0.06748224049806595	0.02505597472190857
0.3873268961906433	-0.005635010078549385	0.9219252467155457	-0.014090180397033691
0.0	0.0	0.0	1.0
52	54	60
0.8244801759719849	0.13540077209472656	-0.5494535565376282	1.0591187477111816
-0.17307090759277344	0.9847623109817505	-0.017027273774147034	0.0223836749792099
0.5387753844261169	0.10913337767124176	0.835350751876831	-0.15459108352661133
0.0	0.0	0.0	1.0
52	55	60
0.9742675423622131	0.03166267275810242	-0.22315946221351624	1.209784984588623
-0.01970428228378296	0.9982579946517944	0.055612146854400635	0.04173934459686279
0.2245314121246338	-0.049783721566200256	0.9731943011283875	-0.2021961212158203
0.0	0.0	0.0	1.0
53	54	60
0.9856261014938354	0.005176745355129242	-0.16886261105537415	0.37144410610198975
-0.029834091663360596	0.9891549944877625	-0.1438131332397461	0.12404337525367737
0.16628703474998474	0.1467839479446411	0.9750913381576538	-0.31293749809265137
0.0	0.0	0.0	1.0
53	55	60
0.9783041477203369	-0.1082518920302391	0.17664167284965515	0.5194208025932312
0.11748529225587845	0.9921582937240601	-0.042647577822208405	0.18163900077342987
-0.17063993215560913	0.06247527152299881	0.9833506345748901	-0.377532958984375
0.0	0.0	0.0	1.0
53	56	60
0.8575928807258606	0.310419499874115	-0.410090833902359	0.45071110129356384
-0.2177385836839676	0.9414774775505066	0.25731360912323	0.27265986800193787
0.46596628427505493	-0.13137763738632202	0.8749943971633911	-0.3186601400375366
0.0	0.0	0.0	1.0
53	58	60
0.7063944339752197	0.06804017722606659	-0.7045406103134155	0.5067957043647766
-0.22835974395275116	0.9640507698059082	-0.1358586847782135	0.24546316266059875
0.6699691414833069	0.25685855746269226	0.6965377330780029	-0.533218502998352
0.0	0.0	0.0	1.0
54	55	60
0.9299582242965698	-0.14804761111736298	0.3365408480167389	0.11875739693641663
0.12204816937446594	0.9877468943595886	0.09726566821336746	0.07652147859334946
-0.3468169569969177	-0.04937896132469177	0.9366321563720703	-0.11260080337524414
0.0	0.0	0.0	1.0
56	57	60
0.9619784951210022	0.012365167960524559	-0.27284619212150574	-0.0024407505989074707
-0.13971777260303497	0.8806511759757996	-0.45269495248794556	0.01866203546524048
0.23468470573425293	0.4736042022705078	0.8488950133323669	-0.23337960243225098
0.0	0.0	0.0	1.0
56	58	60
0.9598055481910706	0.010061852633953094	-0.2804850935935974	-0.0063974857330322266
