0	1	57
0.8249688148498535	-0.3240002691745758	0.4630878269672394	-0.2181839942932129
0.2348036915063858	0.9417874813079834	0.24063187837600708	0.037368446588516235
-0.5140949487686157	-0.08977890014648438	0.8530216813087463	-0.03388774394989014
0.0	0.0	0.0	1.0
0	14	57
0.9506617784500122	0.07540029287338257	-0.3009271025657654	0.7383827567100525
-0.056831687688827515	0.9959266185760498	0.07000178098678589	-0.08122839033603668
0.30497944355010986	-0.04944583773612976	0.951074481010437	0.13522851467132568
0.0	0.0	0.0	1.0
0	24	57
0.4924810826778412	-0.3490915298461914	0.7972432374954224	-1.323136329650879
0.3040810227394104	0.9273183941841125	0.21820786595344543	-0.2939678728580475
-0.815473198890686	0.13496369123458862	0.5628393888473511	1.114725112915039
0.0	0.0	0.0	1.0
0	25	57
0.6033230423927307	-0.3778942823410034	0.7022799849510193	-1.2635159492492676
0.32733654975891113	0.9203498959541321	0.21402466297149658	-0.06877842545509338
-0.727222204208374	0.10075578093528748	0.6789669990539551	0.39475953578948975
0.0	0.0	0.0	1.0
0	26	57
0.859150230884552	-0.28355324268341064	0.42597970366477966	-1.8206685781478882
0.23729351162910461	0.9582889080047607	0.15929195284843445	0.11506326496601105
-0.45337945222854614	-0.03577360510826111	0.8905994892120361	-0.08836174011230469
0.0	0.0	0.0	1.0
1	2	57
0.7066724300384521	-0.07327147573232651	0.7037365436553955	-0.4387725591659546
0.4464767575263977	0.8177701234817505	-0.36319512128829956	-0.055876538157463074
-0.5488828420639038	0.5708620548248291	0.610609769821167	-0.15027391910552979
0.0	0.0	0.0	1.0
1	14	57
0.6201257109642029	0.3292219340801239	-0.7120792865753174	0.6464496850967407
-0.3924933075904846	0.9161150455474854	0.08174630999565125	-0.43582797050476074
0.679259181022644	0.228793203830719	0.6973239779472351	0.5490213632583618
0.0	0.0	0.0	1.0
1	15	57
0.8971482515335083	-0.27013954520225525	0.34949925541877747	0.07208096981048584
0.28222575783729553	0.9591986536979675	0.016936123371124268	-0.3132704496383667
-0.33981436491012573	0.08344346284866333	0.936783492565155	0.4764000177383423
0.0	0.0	0.0	1.0
1	16	57
0.5533164739608765	-0.28867053985595703	0.7813510894775391	-0.535646915435791
0.42391830682754517	0.9050556421279907	0.03417402505874634	-0.07784989476203918
-0.7170313596725464	0.31232017278671265	0.6231549978256226	0.05317878723144531
0.0	0.0	0.0	1.0
1	23	57
0.2042708843946457	-0.38633793592453003	0.8994535207748413	-1.7960880994796753
0.5692363381385803	0.794389009475708	0.2119334489107132	-0.28404808044433594
-0.7963940501213074	0.46870994567871094	0.38218802213668823	0.76322340965271
0.0	0.0	0.0	1.0
1	24	57
0.8976953625679016	-0.1528748869895935	0.4132460355758667	-1.562068223953247
0.20821832120418549	0.9737372398376465	-0.09209185838699341	-0.08064770698547363
-0.3883146047592163	0.16871586441993713	0.9059507846832275	0.37793660163879395
0.0	0.0	0.0	1.0
1	25	57
0.9504467248916626	-0.15645131468772888	0.26865270733833313	-1.0763702392578125
0.18319474160671234	0.9800260066986084	-0.07738789916038513	0.182991623878479
-0.25117915868759155	0.1227685809135437	0.9601234197616577	-0.1579129695892334
0.0	0.0	0.0	1.0
2	15	57
0.943647563457489	0.19300219416618347	-0.268847793340683	-0.08225595206022263
-0.021433673799037933	0.8462824821472168	0.5323033332824707	0.0940089225769043
0.3302568793296814	-0.49654439091682434	0.8027291893959045	0.8490681648254395
0.0	0.0	0.0	1.0
2	16	57
0.97063809633255	0.017156992107629776	0.23993152379989624	-0.23176062107086182
-0.09633193910121918	0.9416991472244263	0.3223700523376465	0.12235331535339355
-0.2204124629497528	-0.33601778745651245	0.915702223777771	0.05934762954711914
0.0	0.0	0.0	1.0
2	23	57
0.8447870016098022	-0.2007579207420349	0.4960150122642517	-1.5184059143066406
0.024620577692985535	0.9405547976493835	0.33874931931495667	0.41005945205688477
-0.534535825252533	-0.2739587426185608	0.7995111346244812	-0.3636777400970459
0.0	0.0	0.0	1.0
3	4	57
0.9589356780052185	0.051552385091781616	0.27889928221702576	0.00425603985786438
0.14929816126823425	0.7443269491195679	-0.6509133577346802	0.27670854330062866
-0.24114835262298584	0.6658229827880859	0.706064760684967	-0.5030214786529541
0.0	0.0	0.0	1.0
3	12	57
0.7577530741691589	-0.17102910578250885	0.629729688167572	-1.5591589212417603
0.33514243364334106	0.9300394654273987	-0.15068575739860535	-0.28993695974349976
-0.559902012348175	0.3252314031124115	0.7620592713356018	0.6188989877700806
0.0	0.0	0.0	1.0
3	16	57
0.8085343241691589	0.29599887132644653	-0.5085839033126831	-0.01939895749092102
-0.3616901636123657	0.9317233562469482	-0.03273729979991913	-0.1346372365951538
0.46416908502578735	0.2104184925556183	0.8603900074958801	0.029691219329833984
0.0	0.0	0.0	1.0
3	17	57
0.9685148596763611	-0.05087311565876007	0.24370253086090088	-0.21787285804748535
0.08415201306343079	0.9881779551506042	-0.12815064191818237	0.40241652727127075
-0.23430204391479492	0.14462383091449738	0.9613460898399353	-0.5750257968902588
0.0	0.0	0.0	1.0
4	17	57
0.9982247948646545	0.05823105573654175	-0.012487292289733887	-0.1860245168209076
-0.04129854217171669	0.8279076218605042	0.5593414902687073	0.024692893028259277
0.04290930926799774	-0.5578327178955078	0.8288432359695435	-0.1948404312133789
0.0	0.0	0.0	1.0
5	6	57
0.8707566261291504	-0.009982526302337646	0.4916125535964966	-0.01745152473449707
0.28356239199638367	0.8269950151443481	-0.4854600131511688	-0.013525247573852539
-0.4017150402069092	0.5621201992034912	0.7229423522949219	-0.10906505584716797
0.0	0.0	0.0	1.0
5	11	57
0.6748363375663757	-0.1386963278055191	0.7248166799545288	-1.6813377141952515
0.4324004054069519	0.8702327013015747	-0.23606188595294952	0.45975080132484436
-0.5980181694030762	0.47271424531936646	0.6472369432449341	-0.3523005247116089
0.0	0.0	0.0	1.0
5	13	57
0.577919602394104	-0.34753671288490295	0.7383947968482971	-1.6714451313018799
0.5107865333557129	0.8596938252449036	0.004850640892982483	0.288838267326355
-0.636479377746582	0.3743589222431183	0.674351155757904	-0.07023453712463379
0.0	0.0	0.0	1.0
5	17	57
0.5685849785804749	0.4719206690788269	-0.6737967729568481	0.19571998715400696
-0.46830812096595764	0.8590916395187378	0.20651653409004211	-0.017137780785560608
0.6763126850128174	0.19812220335006714	0.709470808506012	-0.052159905433654785
0.0	0.0	0.0	1.0
5	18	57
0.8815159797668457	-0.21705245971679688	0.4193064272403717	0.08553248643875122
0.24827009439468384	0.9684715270996094	-0.020616911351680756	0.1489851027727127
-0.4016112685203552	0.12227538228034973	0.9076106548309326	-0.25457143783569336
0.0	0.0	0.0	1.0
5	22	57
0.9826736450195312	-0.09083782881498337	0.16155874729156494	0.34216800332069397
0.09510339796543121	0.9952889680862427	-0.018852002918720245	0.39913174510002136
-0.15908527374267578	0.0338900201022625	0.9866830706596375	-0.6487410068511963
0.0	0.0	0.0	1.0
5	32	57
-0.2926533818244934	0.7600440382957458	-0.5802475214004517	1.7841910123825073
-0.35851648449897766	0.4753348231315613	0.8034443855285645	-0.8178231716156006
0.8864647150039673	0.44315898418426514	0.13337981700897217	1.022254467010498
0.0	0.0	0.0	1.0
6	18	57
0.9997468590736389	0.015744328498840332	-0.0160830020904541	0.21649864315986633
-0.005934685468673706	0.8737170100212097	0.48639801144599915	0.06116318702697754
0.021710187196731567	-0.4861797094345093	0.873589277267456	-0.13720273971557617
0.0	0.0	0.0	1.0
7	8	57
0.7615712285041809	0.00897032767534256	0.6480193138122559	-0.3234069347381592
0.342303991317749	0.8434830904006958	-0.41396161913871765	0.1680954098701477
-0.5503067374229431	0.5370810031890869	0.6393017172813416	-0.34747231006622314
0.0	0.0	0.0	1.0
7	19	57
0.8540300726890564	0.08432340621948242	-0.5133442282676697	1.3008443117141724
-0.31580057740211487	0.8681904673576355	-0.38277336955070496	-0.4789866805076599
0.41340371966362	0.48901426792144775	0.7680900692939758	0.3145289421081543
0.0	0.0	0.0	1.0
8	9	57
0.9626489281654358	-0.16753213107585907	0.21269646286964417	0.38703984022140503
0.09179280698299408	0.9409945011138916	0.3257346451282501	-0.03755217790603638
-0.25471729040145874	-0.2940441370010376	0.921225905418396	0.20711851119995117
0.0	0.0	0.0	1.0
9	10	57
0.8167637586593628	0.262457013130188	-0.5138224363327026	1.1604539155960083
-0.304190456867218	0.9526063203811646	0.003048807382583618	-0.18646593391895294
0.4902706742286682	0.15380966663360596	0.8578910827636719	-0.014188528060913086
0.0	0.0	0.0	1.0
9	25	57
0.27734625339508057	-0.3527289927005768	0.8936784863471985	-0.7871193885803223
0.46618831157684326	0.8627371788024902	0.19583898782730103	-0.18061938881874084
-0.8400876522064209	0.36230704188346863	0.4037153124809265	0.666407585144043
0.0	0.0	0.0	1.0
9	26	57
0.5777591466903687	-0.32457366585731506	0.7488967180252075	-1.5614705085754395
0.3866632580757141	0.9168837070465088	0.09907644987106323	-0.025638774037361145
-0.718808650970459	0.23232847452163696	0.6552385687828064	0.5531136989593506
0.0	0.0	0.0	1.0
10	26	57
-0.008198920637369156	-0.4445081949234009	0.8957372903823853	-1.981340765953064
0.4113939106464386	0.8149491548538208	0.40818268060684204	-0.5147081017494202
-0.9114205837249756	0.3718474507331848	0.17618633806705475	1.8896756172180176
0.0	0.0	0.0	1.0
10	29	57
-0.9223840832710266	0.3605279326438904	-0.13866135478019714	-1.2940841913223267
-0.24636945128440857	-0.8255723118782043	-0.5076732635498047	1.5926973819732666
-0.29750531911849976	-0.43410801887512207	0.8503178358078003	0.2904672622680664
0.0	0.0	0.0	1.0
11	13	57
0.9917272329330444	-0.0824841558933258	0.09835341572761536	-0.23329240083694458
0.059497326612472534	0.9743162393569946	0.21718129515647888	-0.006446719169616699
-0.11374133825302124	-0.20953287184238434	0.9711634516716003	0.23849272727966309
0.0	0.0	0.0	1.0
12	16	57
0.2510869801044464	0.41119709610939026	-0.8762832880020142	1.520673155784607
-0.33377712965011597	0.8865411281585693	0.3203713595867157	-0.27016425132751465
0.9085969924926758	0.21204224228858948	0.3598470389842987	0.45922327041625977
0.0	0.0	0.0	1.0
12	17	57
0.9040284156799316	0.19451101124286652	-0.3806551396846771	1.8742084503173828
-0.15416589379310608	0.9789053201675415	0.13407805562019348	0.06816965341567993
0.39870506525039673	-0.06252631545066833	0.914945125579834	-0.18454217910766602
0.0	0.0	0.0	1.0
13	18	57
0.8835257291793823	0.27318891882896423	-0.3804605305194855	1.1226704120635986
-0.22955690324306488	0.9606032967567444	0.15666988492012024	-0.760625958442688
0.4082719683647156	-0.05108444392681122	0.9114300012588501	1.237955927848816
0.0	0.0	0.0	1.0
13	22	57
0.7115552425384521	0.4254356324672699	-0.5591902136802673	1.5949432849884033
-0.319315642118454	0.9047190546989441	0.2819952368736267	-0.7843164205551147
0.6258807182312012	-0.02209712192416191	0.7796055674552917	1.1095565557479858
0.0	0.0	0.0	1.0
13	27	57
-0.8880370259284973	-0.45838862657546997	0.03563380241394043	0.39390110969543457
0.12231723964214325	-0.3102525472640991	-0.9427523612976074	1.7569944858551025
0.44320255517959595	-0.8328404426574707	0.33158475160598755	2.024489402770996
0.0	0.0	0.0	1.0
13	29	57
-0.3897765874862671	-0.9185583591461182	0.06576454639434814	0.9815037250518799
0.4270808696746826	-0.24356991052627563	-0.8707901239395142	2.0136823654174805
0.8158897757530212	-0.311326801776886	0.48723679780960083	1.4575419425964355
0.0	0.0	0.0	1.0
13	32	57
-0.8116681575775146	-0.575223445892334	0.10155251622200012	0.06722530722618103
0.32964155077934265	-0.5946063995361328	-0.7333346605300903	1.444380521774292
0.4822150468826294	-0.5617485046386719	0.6722408533096313	0.5038174390792847
0.0	0.0	0.0	1.0
14	15	57
0.21064089238643646	-0.5132848024368286	0.831966757774353	-0.4329479932785034
0.4903145432472229	0.7917425632476807	0.3643287420272827	-0.11474952101707458
-0.8457080125808716	0.33118268847465515	0.4184443950653076	0.3429231643676758
0.0	0.0	0.0	1.0
14	23	57
-0.6394190788269043	-0.22763632237911224	0.7343873977661133	-1.417865514755249
0.39424416422843933	0.7229642271995544	0.5673574209213257	-0.5997471213340759
-0.6600871682167053	0.6523070335388184	-0.3725329041481018	1.918694257736206
0.0	0.0	0.0	1.0
14	24	57
0.20797640085220337	-0.35306283831596375	0.9121912717819214	-1.6328932046890259
0.3845585882663727	0.8869981169700623	0.2556338608264923	-0.4243278503417969
-0.8993666768074036	0.29762527346611023	0.32024794816970825	1.5096008777618408
0.0	0.0	0.0	1.0
14	25	57
0.33807098865509033	-0.3835445046424866	0.859419047832489	-1.8063660860061646
0.40943801403045654	0.8821781873703003	0.23264041543006897	-0.1499544382095337
-0.8473888635635376	0.27323034405708313	0.45527687668800354	0.8273160457611084
0.0	0.0	0.0	1.0
14	26	57
0.6552797555923462	-0.32714328169822693	0.6808714866638184	-2.548184633255005
0.31902530789375305	0.9368782043457031	0.14311456680297852	0.020388778299093246
-0.6847127079963684	0.12343516945838928	0.7182842493057251	0.6031045913696289
0.0	0.0	0.0	1.0
15	16	57
0.8442625999450684	-0.1252780258655548	0.521081805229187	-0.40439072251319885
0.2262522131204605	0.9647185802459717	-0.1346394121646881	0.3834117650985718
-0.4858299195766449	0.23156698048114777	0.8428202867507935	-0.5809282064437866
0.0	0.0	0.0	1.0
15	23	57
0.6220307350158691	-0.2978285849094391	0.7241381406784058	-1.7533910274505615
0.45240890979766846	0.8915408849716187	-0.021937668323516846	0.6106894016265869
-0.6390649080276489	0.34125232696533203	0.6893059611320496	-0.4143824577331543
0.0	0.0	0.0	1.0
16	17	57
0.6558722257614136	-0.3368533253669739	0.6755452752113342	-0.5778828859329224
0.3167749345302582	0.9351232051849365	0.1587391495704651	0.30810898542404175
-0.6851897239685059	0.10988328605890274	0.7200281620025635	-0.46501946449279785
0.0	0.0	0.0	1.0
16	23	57
0.9328006505966187	-0.22069036960601807	0.28491854667663574	-1.2183318138122559
0.21128475666046143	0.9753438234329224	0.06374603509902954	0.38130998611450195
-0.2919616997241974	0.0007365643978118896	0.9564298391342163	-0.597703218460083
0.0	0.0	0.0	1.0
18	22	57
0.9562995433807373	0.1684533655643463	-0.23898696899414062	0.4121745228767395
-0.15520483255386353	0.9851551055908203	0.07335293292999268	0.10937955230474472
0.24779582023620605	-0.03305533528327942	0.9682482481002808	-0.2536189556121826
0.0	0.0	0.0	1.0
19	21	57
0.8906456828117371	-0.13911543786525726	0.432893842458725	0.2852811813354492
0.08420653641223907	0.9860427379608154	0.14362764358520508	-0.05069386959075928
-0.4468326270580292	-0.09146890044212341	0.8899290561676025	0.05723309516906738
0.0	0.0	0.0	1.0
19	31	57
0.1257421225309372	0.11274011433124542	0.985636293888092	-1.585961103439331
0.2242671549320221	0.9645723104476929	-0.1389417052268982	-0.0637671947479248
-0.9663817882537842	0.23851662874221802	0.09600362181663513	2.089984178543091
0.0	0.0	0.0	1.0
20	21	57
0.9778776168823242	0.06279435753822327	-0.199529230594635	0.04996150732040405
-0.12980550527572632	0.930163562297821	-0.34343379735946655	0.01991748809814453
0.16402924060821533	0.361735999584198	0.9177372455596924	-0.19232892990112305
0.0	0.0	0.0	1.0
20	30	57
0.5813897252082825	-0.5432705879211426	0.6056755781173706	-2.4056854248046875
0.5123422741889954	0.8227419257164001	0.2461727261543274	-0.0009519457817077637
-0.632053017616272	0.16719096899032593	0.7566742897033691	0.33954811096191406
0.0	0.0	0.0	1.0
20	31	57
0.743553876876831	0.05456671118736267	0.6664458513259888	-2.6110410690307617
0.4244655668735504	0.7315948605537415	-0.5334773063659668	0.09336346387863159
-0.5166783332824707	0.6795525550842285	0.5208184123039246	0.2558019161224365
0.0	0.0	0.0	1.0
21	30	57
0.34465107321739197	-0.582449734210968	0.7361843585968018	-2.3784217834472656
0.3518240451812744	0.8072178363800049	0.4739399552345276	0.13087880611419678
-0.8703075647354126	0.0956636369228363	0.4831286072731018	1.136601448059082
0.0	0.0	0.0	1.0
21	31	57
0.5652977228164673	0.06214435398578644	0.822542667388916	-2.568446636199951
0.27299579977989197	0.9268724918365479	-0.2576446533203125	0.014646470546722412
-0.7784034013748169	0.3701965808868408	0.5069937705993652	1.028505563735962
0.0	0.0	0.0	1.0
24	25	57
0.9904580116271973	0.014318645000457764	-0.13706789910793304	0.6692262887954712
-0.009786412119865417	0.9993846416473389	0.03368198871612549	0.11793581396341324
0.13746577501296997	-0.03201904892921448	0.9899888038635254	-0.3167741298675537
0.0	0.0	0.0	1.0
24	26	57
0.8738037347793579	0.17866986989974976	-0.45226502418518066	0.808870792388916
-0.14306795597076416	0.98334801197052	0.11206138134002686	0.4209679961204529
0.46475595235824585	-0.033214688301086426	0.8848153948783875	-1.0183937549591064
0.0	0.0	0.0	1.0
25	26	57
0.9304826259613037	0.15787416696548462	-0.3305720388889313	0.0448528528213501
-0.1435769647359848	0.9873414039611816	0.06739786267280579	0.3506448268890381
0.33702778816223145	-0.015249907970428467	0.9413712024688721	-0.6900932788848877
0.0	0.0	0.0	1.0
25	29	57
0.9738628268241882	-0.10930010676383972	0.1991082727909088	0.06645366549491882
0.1303793489933014	0.98680579662323	-0.0959964394569397	0.8152202367782593
-0.18598869442939758	0.119447261095047	0.975264310836792	-1.495882272720337
0.0	0.0	0.0	1.0
26	29	57
0.8265718221664429	-0.2072303295135498	0.5232924818992615	-0.3132779598236084
0.28598707914352417	0.9554203748703003	-0.07337537407875061	0.4451538622379303
-0.4847587049007416	0.21030458807945251	0.84898841381073	-0.7255945205688477
0.0	0.0	0.0	1.0
27	28	57
0.9432004690170288	-0.004345893859863281	0.3321954309940338	-0.061704277992248535
0.1436135321855545	0.9069962501525879	-0.39589470624923706	0.09186939895153046
-0.29957953095436096	0.4211159944534302	0.8561034798622131	-0.2707996368408203
0.0	0.0	0.0	1.0
27	29	57
0.9338535070419312	0.13176468014717102	-0.3324994444847107	0.3326229453086853
-0.18579818308353424	0.9731020331382751	-0.136204332113266	0.08020058274269104
0.30560898780822754	0.18897265195846558	0.9332162141799927	-0.20135974884033203
0.0	0.0	0.0	1.0
27	32	57
0.9940342903137207	0.01038241758942604	-0.10857260227203369	0.0017490237951278687
0.0059099216014146805	0.9888693690299988	0.14866918325424194	0.41774216294288635
0.10890761017799377	-0.14842408895492554	0.9829085469245911	-0.553536057472229
0.0	0.0	0.0	1.0
28	29	57
0.7822409868240356	0.1903439313173294	-0.5931848883628845	0.2904048562049866
-0.03553571179509163	0.9642623066902161	0.2625558376312256	0.024186253547668457
0.6219621300697327	-0.1843029260635376	0.761049211025238	0.19461560249328613
0.0	0.0	0.0	1.0
28	32	57
0.9129252433776855	0.17879445850849152	-0.3668791651725769	0.15219423174858093
0.05674877017736435	0.8345908522605896	0.5479395389556885	0.16783088445663452
0.40416252613067627	-0.5210477113723755	0.7517725825309753	-0.34114980697631836
0.0	0.0	0.0	1.0
29	32	57
0.9599568247795105	-0.23815684020519257	0.14752866327762604	-0.39818328619003296
0.1846114993095398	0.933864176273346	0.30629420280456543	0.24655792117118835
-0.21071772277355194	-0.26679372787475586	0.9404355883598328	-0.25130558013916016
0.0	0.0	0.0	1.0
30	31	57
0.9741902947425842	0.03514161705970764	-0.22297637164592743	-0.04275239631533623
-0.17707125842571259	0.7316097021102905	-0.6583255529403687	0.057889699935913086
0.13999700546264648	0.6808172464370728	0.7189496755599976	-0.22824859619140625
0.0	0.0	0.0	1.0
33	35	57
0.9493293166160583	-0.19083964824676514	0.2497084140777588	-0.08808499574661255
0.24679957330226898	0.9446058869361877	-0.21635624766349792	-0.050849124789237976
-0.19458653032779694	0.26702144742012024	0.9438410997390747	-0.012320399284362793
0.0	0.0	0.0	1.0
36	37	57
0.9363862872123718	-0.14202217757701874	0.3209529519081116	-0.2541424632072449
0.19447553157806396	0.9712046384811401	-0.13762634992599487	0.1638513058423996
-0.2921651601791382	0.19128867983818054	0.9370425939559937	-0.1951127052307129
0.0	0.0	0.0	1.0
38	39	57
0.759499192237854	0.4457401931285858	-0.47378963232040405	0.5511453151702881
-0.3836483359336853	0.8951143026351929	0.22712191939353943	-0.3149874210357666
0.5253332853317261	0.009270042181015015	0.8508464097976685	0.3449002504348755
0.0	0.0	0.0	1.0
38	40	57
0.6906079649925232	-0.02549033612012863	-0.7227801084518433	0.7647644877433777
-0.40429243445396423	0.8150391578674316	-0.41504091024398804	-0.25335457921028137
0.5996738076210022	0.5788448452949524	0.5525668859481812	0.10441446304321289
0.0	0.0	0.0	1.0
38	41	57
0.9592834115028381	-0.2787327766418457	0.04564380645751953	0.23097911477088928
0.2644246518611908	0.9430737495422363	0.20172137022018433	-0.3649233281612396
-0.0992717370390892	-0.1814383566379547	0.9783788919448853	0.5651838779449463
0.0	0.0	0.0	1.0
38	56	57
0.27906280755996704	0.20073747634887695	-0.9390572309494019	2.1574113368988037
-0.5681984424591064	0.8228614926338196	0.0070455074310302734	-0.012451395392417908
0.774128258228302	0.5316046476364136	0.34368896484375	-0.47211313247680664
0.0	0.0	0.0	1.0
39	40	57
0.9943385124206543	-0.04155869036912918	-0.09779249876737595	0.03273572027683258
-0.04000994935631752	0.7061675190925598	-0.7069133520126343	0.17553460597991943
0.09843624383211136	0.7068240642547607	0.7005069255828857	-0.2880607843399048
0.0	0.0	0.0	1.0
39	41	57
0.5818548202514648	-0.6696640253067017	0.46151378750801086	-0.09346002340316772
0.6639198064804077	0.7188594341278076	0.20603835582733154	-0.1792943924665451
-0.4697401225566864	0.1865239143371582	0.8628751039505005	0.31709039211273193
0.0	0.0	0.0	1.0
39	56	57
0.8414942026138306	0.09411744028329849	-0.5320053100585938	0.6863867044448853
-0.3607753813266754	0.8308740258216858	-0.4236620366573334	0.9961092472076416
0.402155339717865	0.5484433770179749	0.7331309914588928	-1.375880479812622
0.0	0.0	0.0	1.0
40	56	57
0.8861056566238403	0.10584858804941177	-0.45123520493507385	0.5368211269378662
0.00335606187582016	0.9720820784568787	0.23461699485778809	-0.2181326150894165
0.46347159147262573	-0.20940972864627838	0.8610121011734009	-1.4063239097595215
0.0	0.0	0.0	1.0
41	56	57
0.09185045957565308	0.3754149377346039	-0.9222941994667053	1.9322246313095093
-0.7563724517822266	0.6287195086479187	0.18059037625789642	0.048647940158843994
0.6476607918739319	0.6810107827186584	0.3417017459869385	-0.9400578737258911
0.0	0.0	0.0	1.0
42	43	57
0.7618812918663025	-0.453319251537323	0.46264320611953735	-0.1073264479637146
0.5133253335952759	0.8581827282905579	-0.004457712173461914	-0.2850632071495056
-0.39501169323921204	0.24088236689567566	0.8865334987640381	0.2524845600128174
0.0	0.0	0.0	1.0
43	44	57
0.930985152721405	0.11782968044281006	-0.3455182611942291	-0.06812286376953125
-0.3453112244606018	0.5913058519363403	-0.7287784218788147	-0.28533947467803955
0.11843527853488922	0.7977929711341858	0.5911849737167358	0.040161728858947754
0.0	0.0	0.0	1.0
44	48	57
0.9920735359191895	-0.033142782747745514	0.12120985984802246	0.2519674301147461
0.03241346776485443	0.9994427561759949	0.007984441705048084	-0.004970759153366089
-0.1214069277048111	-0.003992299549281597	0.992594838142395	0.41245174407958984
0.0	0.0	0.0	1.0
45	47	57
0.6781343817710876	-0.386470764875412	0.6251193284988403	-0.06758783012628555
0.475336492061615	0.879358172416687	0.02800142578780651	-0.020356010645627975
-0.56052565574646	0.27815327048301697	0.7800267338752747	0.07393229007720947
0.0	0.0	0.0	1.0
46	47	57
0.9365411996841431	0.10187211632728577	-0.33542880415916443	0.05272608995437622
-0.10659380257129669	0.9942927956581116	0.004355832934379578	0.017839748412370682
0.3339582681655884	0.03167533874511719	0.9420554637908936	0.09977877140045166
0.0	0.0	0.0	1.0
46	56	57
0.8047810792922974	-0.10828115046024323	0.5836114287376404	-0.7057076692581177
0.40496504306793213	0.8190114498138428	-0.40647727251052856	0.3991031348705292
-0.4339706301689148	0.5634673833847046	0.7029749751091003	-0.6355295181274414
0.0	0.0	0.0	1.0
49	50	57
-0.5058834552764893	-0.006459087133407593	0.8625776767730713	-2.1333422660827637
0.5901986360549927	0.7266748547554016	0.35158053040504456	-0.7513103485107422
-0.6290844082832336	0.6869509220123291	-0.3638007342815399	2.359023094177246
0.0	0.0	0.0	1.0
49	51	57
0.725464940071106	0.2428472936153412	-0.6439915299415588	0.22149819135665894
-0.47450360655784607	0.8542432188987732	-0.2124020755290985	-0.2735304832458496
0.49854421615600586	0.45966652035713196	0.7349557876586914	0.13415002822875977
0.0	0.0	0.0	1.0
49	52	57
0.9622611999511719	0.1885910928249359	-0.19618172943592072	0.20440834760665894
-0.2566315829753876	0.8686995506286621	-0.42367684841156006	-0.13553684949874878
0.09052117168903351	0.45803412795066833	0.8843137621879578	0.004687786102294922
0.0	0.0	0.0	1.0
49	53	57
-0.5878718495368958	0.2314085066318512	0.7751495838165283	-1.6889756917953491
0.44239071011543274	0.894197940826416	0.06855951249599457	0.05385088175535202
-0.6772719621658325	0.38322317600250244	-0.6280466914176941	2.8443636894226074
0.0	0.0	0.0	1.0
49	55	57
0.8646546006202698	0.2663503587245941	-0.42594581842422485	-0.13314881920814514
-0.2028307169675827	0.9607900977134705	0.18905726075172424	0.12797993421554565
0.4596000611782074	-0.07707458734512329	0.8847754001617432	0.09254646301269531
0.0	0.0	0.0	1.0
50	51	57
0.9440616965293884	-0.09581394493579865	0.3155432343482971	-0.03939323127269745
0.20672091841697693	0.9174630045890808	-0.33989471197128296	0.012983784079551697
-0.2569325566291809	0.38611096143722534	0.8859482407569885	-0.11756753921508789
0.0	0.0	0.0	1.0
50	52	57
-0.6662281155586243	0.0755041241645813	-0.741915762424469	0.8305636048316956
-0.49240508675575256	0.7026190161705017	0.513676643371582	-1.6117632389068604
0.5600687861442566	0.7075490355491638	-0.43092596530914307	2.416260242462158
0.0	0.0	0.0	1.0
50	53	57
0.9952182173728943	-0.06764766573905945	-0.07045610249042511	0.05577297881245613
0.08301573991775513	0.9659051895141602	0.2452245056629181	-0.049944519996643066
0.05146509036421776	-0.2499011605978012	0.9669024348258972	0.22790312767028809
0.0	0.0	0.0	1.0
50	54	57
0.9322498440742493	0.13823822140693665	-0.33436650037765503	0.16016092896461487
-0.18191930651664734	0.9779137372970581	-0.1029084250330925	-0.11294716596603394
0.31275567412376404	0.15676389634609222	0.9368079304695129	0.07728862762451172
0.0	0.0	0.0	1.0
51	52	57
0.864749014377594	-0.05577525496482849	0.49909764528274536	-0.13642814755439758
0.06334097683429718	0.9979905486106873	0.0017817020416259766	0.043177634477615356
-0.4981943666934967	0.030072644352912903	0.8665438890457153	-0.12396669387817383
0.0	0.0	0.0	1.0
51	53	57
0.8509476184844971	0.38640648126602173	-0.35577839612960815	0.49345239996910095
-0.07507064938545227	0.759867787361145	0.6457289457321167	-0.04729694128036499
0.5198582410812378	-0.5227727890014648	0.6756152510643005	0.4536861181259155
0.0	0.0	0.0	1.0
51	54	57
0.7352074980735779	0.33675459027290344	-0.588273823261261	0.16149502992630005
-0.17697077989578247	0.9331231713294983	0.31298917531967163	-0.05617785453796387
0.6543325185775757	-0.12600475549697876	0.7456350326538086	0.29775309562683105
0.0	0.0	0.0	1.0
53	54	57
0.9269457459449768	0.24331232905387878	-0.28560590744018555	0.08272269368171692
-0.331159770488739	0.8883890509605408	-0.31795984506607056	-0.0013374537229537964
0.17636555433273315	0.38931286334991455	0.9040636420249939	-0.1551436185836792
0.0	0.0	0.0	1.0
53	55	57
0.9449425339698792	0.28839609026908875	-0.15463295578956604	-0.08293525874614716
-0.27751076221466064	0.9566508531570435	0.0883558988571167	0.07941725850105286
0.17341122031211853	-0.04057890176773071	0.9840131402015686	-0.04213762283325195
0.0	0.0	0.0	1.0
