
[32m[2025-05-08 19:40:52][0m [1;30m[INFO][0m Loading from "../../weight/CMHANet.pth.tar".
[32m[2025-05-08 19:40:52][0m [1;30m[INFO][0m Model has been loaded.

  0%|          | 0/1623 [00:00<?, ?it/s]tensor([[ 0.9968,  0.0669, -0.0407, -0.1156],
        [-0.0661,  0.9975,  0.0194, -0.0388],
        [ 0.0419, -0.0167,  0.9989,  0.1149],
        [ 0.0000,  0.0000,  0.0000,  1.0000]], device='cuda:0')
tensor([[ 0.9976,  0.0566, -0.0389, -0.1206],
        [-0.0559,  0.9982,  0.0193, -0.0436],
        [ 0.0399, -0.0171,  0.9991,  0.1184],
        [ 0.0000,  0.0000,  0.0000,  1.0000]], device='cuda:0')

7-scenes-redkitchen, id0: 0, id1: 1, PIR: 1.000, IR: 0.870, RRE: 1.166, RTE: 0.008, RMSE: 0.011, RR: 1.000, nCorr: 6284, time: 1.380s/1.424s:   0%|          | 0/1623 [00:02<?, ?it/s]
7-scenes-redkitchen, id0: 0, id1: 1, PIR: 1.000, IR: 0.870, RRE: 1.166, RTE: 0.008, RMSE: 0.011, RR: 1.000, nCorr: 6284, time: 1.380s/1.424s:   0%|          | 1/1623 [00:02<1:14:48,  2.77s/it]tensor([[ 0.9549,  0.1088, -0.2759, -0.3410],
        [-0.0989,  0.9938,  0.0496, -0.1782],
        [ 0.2795, -0.0201,  0.9598,  0.3546],
        [ 0.0000,  0.0000,  0.0000,  1.0000]], device='cuda:0')
tensor([[ 0.9612,  0.1127, -0.2517, -0.3937],
        [-0.0964,  0.9924,  0.0761, -0.2154],
        [ 0.2584, -0.0489,  0.9648,  0.3500],
        [ 0.0000,  0.0000,  0.0000,  1.0000]], device='cuda:0')

7-scenes-redkitchen, id0: 0, id1: 2, PIR: 0.957, IR: 0.757, RRE: 2.327, RTE: 0.065, RMSE: 0.032, RR: 1.000, nCorr: 5575, time: 0.913s/0.812s:   0%|          | 1/1623 [00:03<1:14:48,  2.77s/it]
7-scenes-redkitchen, id0: 0, id1: 2, PIR: 0.957, IR: 0.757, RRE: 2.327, RTE: 0.065, RMSE: 0.032, RR: 1.000, nCorr: 5575, time: 0.913s/0.812s:   0%|          | 2/1623 [00:03<35:39,  1.32s/it]  tensor([[ 0.9313,  0.0995, -0.3501, -0.2767],
        [-0.1378,  0.9866, -0.0862, -0.4818],
        [ 0.3368,  0.1285,  0.9326,  0.6028],
        [ 0.0000,  0.0000,  0.0000,  1.0000]], device='cuda:0')
tensor([[ 0.9321,  0.1119, -0.3444, -0.2912],
        [-0.1431,  0.9875, -0.0664, -0.5046],
        [ 0.3326,  0.1111,  0.9365,  0.6037],
        [ 0.0000,  0.0000,  0.0000,  1.0000]], device='cuda:0')

7-scenes-redkitchen, id0: 0, id1: 3, PIR: 0.969, IR: 0.823, RRE: 1.640, RTE: 0.027, RMSE: 0.020, RR: 1.000, nCorr: 5443, time: 0.646s/0.598s:   0%|          | 2/1623 [00:03<35:39,  1.32s/it]
7-scenes-redkitchen, id0: 0, id1: 3, PIR: 0.969, IR: 0.823, RRE: 1.640, RTE: 0.027, RMSE: 0.020, RR: 1.000, nCorr: 5443, time: 0.646s/0.598s:   0%|          | 3/1623 [00:03<22:50,  1.18it/s]tensor([[ 0.9799, -0.0809,  0.1819, -0.0865],
        [ 0.0980,  0.9913, -0.0870, -0.4582],
        [-0.1733,  0.1031,  0.9793,  0.5075],
        [ 0.0000,  0.0000,  0.0000,  1.0000]], device='cuda:0')
tensor([[ 0.9811, -0.0813,  0.1754, -0.0800],
        [ 0.0942,  0.9933, -0.0668, -0.4905],
        [-0.1688,  0.0821,  0.9822,  0.5134],
        [ 0.0000,  0.0000,  0.0000,  1.0000]], device='cuda:0')

7-scenes-redkitchen, id0: 0, id1: 4, PIR: 0.992, IR: 0.851, RRE: 1.650, RTE: 0.033, RMSE: 0.024, RR: 1.000, nCorr: 5565, time: 0.510s/0.496s:   0%|          | 3/1623 [00:03<22:50,  1.18it/s]
7-scenes-redkitchen, id0: 0, id1: 4, PIR: 0.992, IR: 0.851, RRE: 1.650, RTE: 0.033, RMSE: 0.024, RR: 1.000, nCorr: 5565, time: 0.510s/0.496s:   0%|          | 4/1623 [00:03<16:55,  1.59it/s]tensor([[ 0.9445, -0.2085,  0.2533,  0.1192],
        [ 0.2429,  0.9633, -0.1130, -0.2060],
        [-0.2205,  0.1682,  0.9606,  0.3272],
        [ 0.0000,  0.0000,  0.0000,  1.0000]], device='cuda:0')
tensor([[ 0.9469, -0.2095,  0.2440,  0.1264],
        [ 0.2407,  0.9648, -0.1057, -0.2192],
        [-0.2133,  0.1588,  0.9640,  0.3305],
        [ 0.0000,  0.0000,  0.0000,  1.0000]], device='cuda:0')

7-scenes-redkitchen, id0: 0, id1: 5, PIR: 0.980, IR: 0.826, RRE: 1.316, RTE: 0.015, RMSE: 0.022, RR: 1.000, nCorr: 5376, time: 0.430s/0.431s:   0%|          | 4/1623 [00:04<16:55,  1.59it/s]
7-scenes-redkitchen, id0: 0, id1: 5, PIR: 0.980, IR: 0.826, RRE: 1.316, RTE: 0.015, RMSE: 0.022, RR: 1.000, nCorr: 5376, time: 0.430s/0.431s:   0%|          | 5/1623 [00:04<19:39,  1.37it/s]tensor([[ 0.9558, -0.1535,  0.2503,  0.4314],
        [ 0.1746,  0.9824, -0.0641,  0.0094],
        [-0.2361,  0.1050,  0.9659,  0.2971],
        [ 0.0000,  0.0000,  0.0000,  1.0000]], device='cuda:0')
tensor([[ 0.9599, -0.1396,  0.2430,  0.4152],
        [ 0.1606,  0.9846, -0.0686,  0.0026],
        [-0.2297,  0.1049,  0.9676,  0.3037],
        [ 0.0000,  0.0000,  0.0000,  1.0000]], device='cuda:0')

7-scenes-redkitchen, id0: 0, id1: 6, PIR: 0.945, IR: 0.748, RRE: 1.467, RTE: 0.019, RMSE: 0.045, RR: 1.000, nCorr: 5262, time: 0.480s/0.386s:   0%|          | 5/1623 [00:04<19:39,  1.37it/s]
7-scenes-redkitchen, id0: 0, id1: 6, PIR: 0.945, IR: 0.748, RRE: 1.467, RTE: 0.019, RMSE: 0.045, RR: 1.000, nCorr: 5262, time: 0.480s/0.386s:   0%|          | 6/1623 [00:04<15:21,  1.76it/s]tensor([[ 0.9994, -0.0233, -0.0169,  0.7270],
        [ 0.0219,  0.9967, -0.0762, -0.1554],
        [ 0.0186,  0.0758,  0.9968,  0.1897],
        [ 0.0000,  0.0000,  0.0000,  1.0000]], device='cuda:0')
tensor([[ 0.9995, -0.0200, -0.0237,  0.7352],
        [ 0.0183,  0.9975, -0.0688, -0.1683],
        [ 0.0251,  0.0683,  0.9973,  0.1965],
        [ 0.0000,  0.0000,  0.0000,  1.0000]], device='cuda:0')

7-scenes-redkitchen, id0: 0, id1: 10, PIR: 0.992, IR: 0.845, RRE: 1.386, RTE: 0.017, RMSE: 0.017, RR: 1.000, nCorr: 5474, time: 0.439s/0.355s:   0%|          | 6/1623 [00:05<15:21,  1.76it/s]
7-scenes-redkitchen, id0: 0, id1: 10, PIR: 0.992, IR: 0.845, RRE: 1.386, RTE: 0.017, RMSE: 0.017, RR: 1.000, nCorr: 5474, time: 0.439s/0.355s:   0%|          | 7/1623 [00:05<13:33,  1.99it/s]tensor([[ 0.9743, -0.2195,  0.0475,  0.4792],
        [ 0.2216,  0.9739, -0.0454, -0.2069],
        [-0.0363,  0.0547,  0.9977,  0.3791],
        [ 0.0000,  0.0000,  0.0000,  1.0000]], device='cuda:0')
tensor([[ 0.9728, -0.2275,  0.0440,  0.4813],
        [ 0.2288,  0.9731, -0.0267, -0.2265],
        [-0.0368,  0.0360,  0.9987,  0.3777],
        [ 0.0000,  0.0000,  0.0000,  1.0000]], device='cuda:0')

7-scenes-redkitchen, id0: 0, id1: 11, PIR: 0.984, IR: 0.865, RRE: 1.728, RTE: 0.020, RMSE: 0.024, RR: 1.000, nCorr: 5716, time: 0.397s/0.332s:   0%|          | 7/1623 [00:05<13:33,  1.99it/s]
7-scenes-redkitchen, id0: 0, id1: 11, PIR: 0.984, IR: 0.865, RRE: 1.728, RTE: 0.020, RMSE: 0.024, RR: 1.000, nCorr: 5716, time: 0.397s/0.332s:   0%|          | 8/1623 [00:05<11:34,  2.33it/s]tensor([[ 0.9832, -0.1656, -0.0742,  0.1848],
        [ 0.1631,  0.9857, -0.0386, -0.3314],
        [ 0.0795,  0.0259,  0.9963,  0.6623],
        [ 0.0000,  0.0000,  0.0000,  1.0000]], device='cuda:0')
tensor([[ 0.9851, -0.1557, -0.0723,  0.1805],
        [ 0.1547,  0.9878, -0.0203, -0.3472],
        [ 0.0746,  0.0089,  0.9972,  0.6662],
        [ 0.0000,  0.0000,  0.0000,  1.0000]], device='cuda:0')

7-scenes-redkitchen, id0: 0, id1: 12, PIR: 0.992, IR: 0.847, RRE: 1.748, RTE: 0.017, RMSE: 0.028, RR: 1.000, nCorr: 5896, time: 0.365s/0.314s:   0%|          | 8/1623 [00:05<11:34,  2.33it/s]
7-scenes-redkitchen, id0: 0, id1: 12, PIR: 0.992, IR: 0.847, RRE: 1.748, RTE: 0.017, RMSE: 0.028, RR: 1.000, nCorr: 5896, time: 0.365s/0.314s:   1%|          | 9/1623 [00:05<12:22,  2.17it/s]tensor([[ 0.9749, -0.1324, -0.1779, -0.1005],
        [ 0.1274,  0.9909, -0.0392, -0.4027],
        [ 0.1815,  0.0156,  0.9831,  0.6870],
        [ 0.0000,  0.0000,  0.0000,  1.0000]], device='cuda:0')
tensor([[ 0.9772, -0.1207, -0.1745, -0.1080],
        [ 0.1162,  0.9926, -0.0360, -0.3929],
        [ 0.1776,  0.0149,  0.9840,  0.7003],
        [ 0.0000,  0.0000,  0.0000,  1.0000]], device='cuda:0')

7-scenes-redkitchen, id0: 0, id1: 13, PIR: 0.984, IR: 0.825, RRE: 1.507, RTE: 0.018, RMSE: 0.022, RR: 1.000, nCorr: 5744, time: 0.364s/0.300s:   1%|          | 9/1623 [00:06<12:22,  2.17it/s]
7-scenes-redkitchen, id0: 0, id1: 13, PIR: 0.984, IR: 0.825, RRE: 1.507, RTE: 0.018, RMSE: 0.022, RR: 1.000, nCorr: 5744, time: 0.364s/0.300s:   1%|          | 10/1623 [00:06<10:50,  2.48it/s]tensor([[ 0.9672, -0.2421, -0.0740, -0.2366],
        [ 0.2456,  0.9682,  0.0435, -0.5647],
        [ 0.0611, -0.0603,  0.9961,  0.9477],
        [ 0.0000,  0.0000,  0.0000,  1.0000]], device='cuda:0')
tensor([[ 0.9759, -0.2119, -0.0530, -0.2788],
        [ 0.2141,  0.9760,  0.0392, -0.5534],
        [ 0.0434, -0.0496,  0.9978,  0.9539],
        [ 0.0000,  0.0000,  0.0000,  1.0000]], device='cuda:0')

7-scenes-redkitchen, id0: 0, id1: 14, PIR: 0.957, IR: 0.773, RRE: 2.583, RTE: 0.044, RMSE: 0.026, RR: 1.000, nCorr: 5226, time: 0.340s/0.288s:   1%|          | 10/1623 [00:06<10:50,  2.48it/s]
7-scenes-redkitchen, id0: 0, id1: 14, PIR: 0.957, IR: 0.773, RRE: 2.583, RTE: 0.044, RMSE: 0.026, RR: 1.000, nCorr: 5226, time: 0.340s/0.288s:   1%|          | 11/1623 [00:06<09:41,  2.77it/s]tensor([[ 0.8679, -0.4406,  0.2286, -0.0567],
        [ 0.3985,  0.8930,  0.2082, -0.6366],
        [-0.2959, -0.0896,  0.9508,  1.0475],
        [ 0.0000,  0.0000,  0.0000,  1.0000]], device='cuda:0')
tensor([[ 0.8814, -0.4178,  0.2205, -0.0586],
        [ 0.3811,  0.9047,  0.1907, -0.6230],
        [-0.2791, -0.0840,  0.9566,  1.0370],
        [ 0.0000,  0.0000,  0.0000,  1.0000]], device='cuda:0')

7-scenes-redkitchen, id0: 0, id1: 15, PIR: 0.844, IR: 0.705, RRE: 2.233, RTE: 0.017, RMSE: 0.035, RR: 1.000, nCorr: 4250, time: 0.320s/0.277s:   1%|          | 11/1623 [00:06<09:41,  2.77it/s]
7-scenes-redkitchen, id0: 0, id1: 15, PIR: 0.844, IR: 0.705, RRE: 2.233, RTE: 0.017, RMSE: 0.035, RR: 1.000, nCorr: 4250, time: 0.320s/0.277s:   1%|          | 12/1623 [00:06<08:43,  3.07it/s]tensor([[ 0.8079, -0.3754,  0.4538,  0.1224],
        [ 0.4136,  0.9101,  0.0164, -0.1776],
        [-0.4192,  0.1745,  0.8907,  0.2832],
        [ 0.0000,  0.0000,  0.0000,  1.0000]], device='cuda:0')
tensor([[ 0.8177, -0.3711,  0.4401,  0.1399],
        [ 0.4090,  0.9125,  0.0095, -0.1709],
        [-0.4051,  0.1722,  0.8979,  0.2842],
        [ 0.0000,  0.0000,  0.0000,  1.0000]], device='cuda:0')

7-scenes-redkitchen, id0: 0, id1: 19, PIR: 0.973, IR: 0.813, RRE: 1.791, RTE: 0.019, RMSE: 0.031, RR: 1.000, nCorr: 5320, time: 0.302s/0.269s:   1%|          | 12/1623 [00:07<08:43,  3.07it/s]
7-scenes-redkitchen, id0: 0, id1: 19, PIR: 0.973, IR: 0.813, RRE: 1.791, RTE: 0.019, RMSE: 0.031, RR: 1.000, nCorr: 5320, time: 0.302s/0.269s:   1%|          | 13/1623 [00:07<11:04,  2.42it/s]tensor([[ 0.7650,  0.1458, -0.6269,  2.4510],
        [-0.1447,  0.9879,  0.0532, -0.3442],
        [ 0.6272,  0.0500,  0.7770,  0.7465],
        [ 0.0000,  0.0000,  0.0000,  1.0000]], device='cuda:0')
tensor([[ 0.7770,  0.1447, -0.6126,  2.4126],
        [-0.1424,  0.9884,  0.0529, -0.3561],
        [ 0.6132,  0.0461,  0.7886,  0.7287],
        [ 0.0000,  0.0000,  0.0000,  1.0000]], device='cuda:0')

7-scenes-redkitchen, id0: 0, id1: 26, PIR: 0.891, IR: 0.675, RRE: 1.832, RTE: 0.044, RMSE: 0.026, RR: 1.000, nCorr: 4372, time: 0.311s/0.264s:   1%|          | 13/1623 [00:07<11:04,  2.42it/s]
7-scenes-redkitchen, id0: 0, id1: 26, PIR: 0.891, IR: 0.675, RRE: 1.832, RTE: 0.044, RMSE: 0.026, RR: 1.000, nCorr: 4372, time: 0.311s/0.264s:   1%|          | 14/1623 [00:07<10:11,  2.63it/s]tensor([[ 0.2693,  0.3208, -0.9078,  2.1495],
        [-0.3151,  0.9201,  0.2317, -0.7130],
        [ 0.9098,  0.2237,  0.3490,  1.3796],
        [ 0.0000,  0.0000,  0.0000,  1.0000]], device='cuda:0')
tensor([[ 0.2970,  0.3140, -0.9018,  2.1278],
        [-0.2820,  0.9311,  0.2313, -0.7066],
        [ 0.9123,  0.1856,  0.3651,  1.3606],
        [ 0.0000,  0.0000,  0.0000,  1.0000]], device='cuda:0')

7-scenes-redkitchen, id0: 0, id1: 27, PIR: 0.941, IR: 0.655, RRE: 2.916, RTE: 0.030, RMSE: 0.055, RR: 1.000, nCorr: 5125, time: 0.299s/0.259s:   1%|          | 14/1623 [00:07<10:11,  2.63it/s]
7-scenes-redkitchen, id0: 0, id1: 27, PIR: 0.941, IR: 0.655, RRE: 2.916, RTE: 0.030, RMSE: 0.055, RR: 1.000, nCorr: 5125, time: 0.299s/0.259s:   1%|          | 15/1623 [00:08<09:45,  2.75it/s]tensor([[ 0.1412,  0.3283, -0.9337,  1.5925],
        [-0.3067,  0.9113,  0.2741, -0.9750],
        [ 0.9410,  0.2477,  0.2294,  1.7850],
        [ 0.0000,  0.0000,  0.0000,  1.0000]], device='cuda:0')
tensor([[ 0.1785,  0.3196, -0.9306,  1.5717],
        [-0.2539,  0.9287,  0.2703, -0.9366],
        [ 0.9506,  0.1880,  0.2469,  1.7367],
        [ 0.0000,  0.0000,  0.0000,  1.0000]], device='cuda:0')

7-scenes-redkitchen, id0: 0, id1: 28, PIR: 0.828, IR: 0.580, RRE: 4.053, RTE: 0.065, RMSE: 0.064, RR: 1.000, nCorr: 5175, time: 0.292s/0.255s:   1%|          | 15/1623 [00:09<09:45,  2.75it/s]
7-scenes-redkitchen, id0: 0, id1: 28, PIR: 0.828, IR: 0.580, RRE: 4.053, RTE: 0.065, RMSE: 0.064, RR: 1.000, nCorr: 5175, time: 0.292s/0.255s:   1%|          | 16/1623 [00:09<15:03,  1.78it/s]tensor([[ 0.2159,  0.2942, -0.9307,  1.0970],
        [-0.3127,  0.9239,  0.2195, -1.1025],
        [ 0.9247,  0.2437,  0.2916,  1.8894],
        [ 0.0000,  0.0000,  0.0000,  1.0000]], device='cuda:0')
tensor([[-0.8450, -0.0240,  0.5342, -1.1893],
        [-0.4707, -0.4407, -0.7643,  1.9349],
        [ 0.2538, -0.8973,  0.3611,  2.8422],
        [ 0.0000,  0.0000,  0.0000,  1.0000]], device='cuda:0')

7-scenes-redkitchen, id0: 0, id1: 29, PIR: 0.102, IR: 0.069, RRE: 175.277, RTE: 3.919, RMSE: 2.201, RR: 0.000, nCorr: 3500, time: 0.320s/0.250s:   1%|          | 16/1623 [00:09<15:03,  1.78it/s]
7-scenes-redkitchen, id0: 0, id1: 29, PIR: 0.102, IR: 0.069, RRE: 175.277, RTE: 3.919, RMSE: 2.201, RR: 0.000, nCorr: 3500, time: 0.320s/0.250s:   1%|          | 17/1623 [00:09<12:40,  2.11it/s]tensor([[-0.2967,  0.4842, -0.8228,  0.0410],
        [-0.4818,  0.6680,  0.5667, -1.2745],
        [ 0.8242,  0.5648,  0.0352,  1.9635],
        [ 0.0000,  0.0000,  0.0000,  1.0000]], device='cuda:0')
tensor([[-0.3011,  0.4916, -0.8171,  0.0175],
        [-0.4803,  0.6621,  0.5753, -1.2553],
        [ 0.8238,  0.5657,  0.0368,  1.9111],
        [ 0.0000,  0.0000,  0.0000,  1.0000]], device='cuda:0')

7-scenes-redkitchen, id0: 0, id1: 31, PIR: 0.789, IR: 0.505, RRE: 1.729, RTE: 0.061, RMSE: 0.060, RR: 1.000, nCorr: 4281, time: 0.308s/0.245s:   1%|          | 17/1623 [00:09<12:40,  2.11it/s]  
7-scenes-redkitchen, id0: 0, id1: 31, PIR: 0.789, IR: 0.505, RRE: 1.729, RTE: 0.061, RMSE: 0.060, RR: 1.000, nCorr: 4281, time: 0.308s/0.245s:   1%|          | 18/1623 [00:09<11:00,  2.43it/s]tensor([[-7.0137e-01,  5.2930e-01, -4.7686e-01,  1.0863e-03],
        [-3.4596e-01,  3.3194e-01,  8.7724e-01, -1.3208e+00],
        [ 6.2277e-01,  7.8047e-01, -4.9703e-02,  1.9076e+00],
        [ 0.0000e+00,  0.0000e+00,  0.0000e+00,  1.0000e+00]], device='cuda:0')
tensor([[-0.6775,  0.5481, -0.4905,  0.0349],
        [-0.3763,  0.3146,  0.8714, -1.3209],
        [ 0.6319,  0.7750, -0.0069,  1.8572],
        [ 0.0000,  0.0000,  0.0000,  1.0000]], device='cuda:0')

7-scenes-redkitchen, id0: 0, id1: 32, PIR: 0.816, IR: 0.553, RRE: 3.128, RTE: 0.061, RMSE: 0.048, RR: 1.000, nCorr: 4604, time: 0.297s/0.241s:   1%|          | 18/1623 [00:09<11:00,  2.43it/s]
7-scenes-redkitchen, id0: 0, id1: 32, PIR: 0.816, IR: 0.553, RRE: 3.128, RTE: 0.061, RMSE: 0.048, RR: 1.000, nCorr: 4604, time: 0.297s/0.241s:   1%|          | 19/1623 [00:09<09:55,  2.69it/s]tensor([[ 0.3391, -0.6835,  0.6459, -0.2345],
        [ 0.5135,  0.7098,  0.4815, -1.1046],
        [-0.7878,  0.1684,  0.5918,  1.1834],
        [ 0.0000,  0.0000,  0.0000,  1.0000]], device='cuda:0')
tensor([[ 0.3787, -0.6649,  0.6438, -0.2464],
        [ 0.5048,  0.7314,  0.4585, -1.0885],
        [-0.7758,  0.1514,  0.6126,  1.1718],
        [ 0.0000,  0.0000,  0.0000,  1.0000]], device='cuda:0')

7-scenes-redkitchen, id0: 0, id1: 37, PIR: 0.906, IR: 0.737, RRE: 3.072, RTE: 0.023, RMSE: 0.069, RR: 1.000, nCorr: 4747, time: 0.287s/0.238s:   1%|          | 19/1623 [00:10<09:55,  2.69it/s]
7-scenes-redkitchen, id0: 0, id1: 37, PIR: 0.906, IR: 0.737, RRE: 3.072, RTE: 0.023, RMSE: 0.069, RR: 1.000, nCorr: 4747, time: 0.287s/0.238s:   1%|          | 20/1623 [00:10<13:42,  1.95it/s]tensor([[ 0.6256, -0.6244,  0.4671, -0.4241],
        [ 0.4266,  0.7753,  0.4651, -0.8763],
        [-0.6527, -0.0917,  0.7515,  0.7169],
        [ 0.0000,  0.0000,  0.0000,  1.0000]], device='cuda:0')
tensor([[ 0.6439, -0.6108,  0.4609, -0.4080],
        [ 0.4252,  0.7864,  0.4482, -0.8639],
        [-0.6361, -0.0926,  0.7660,  0.7111],
        [ 0.0000,  0.0000,  0.0000,  1.0000]], device='cuda:0')

7-scenes-redkitchen, id0: 0, id1: 38, PIR: 0.906, IR: 0.791, RRE: 2.361, RTE: 0.021, RMSE: 0.047, RR: 1.000, nCorr: 4421, time: 0.306s/0.235s:   1%|          | 20/1623 [00:10<13:42,  1.95it/s]
7-scenes-redkitchen, id0: 0, id1: 38, PIR: 0.906, IR: 0.791, RRE: 2.361, RTE: 0.021, RMSE: 0.047, RR: 1.000, nCorr: 4421, time: 0.306s/0.235s:   1%|â–         | 21/1623 [00:10<11:53,  2.24it/s]tensor([[ 0.6717, -0.5052,  0.5413, -0.3493],
        [ 0.3298,  0.8585,  0.3920, -0.6789],
        [-0.6629, -0.0848,  0.7434,  0.3788],
        [ 0.0000,  0.0000,  0.0000,  1.0000]], device='cuda:0')
tensor([[ 0.7001, -0.4837,  0.5253, -0.3310],
        [ 0.3253,  0.8709,  0.3684, -0.6569],
        [-0.6357, -0.0870,  0.7671,  0.3697],
        [ 0.0000,  0.0000,  0.0000,  1.0000]], device='cuda:0')

7-scenes-redkitchen, id0: 0, id1: 39, PIR: 0.891, IR: 0.681, RRE: 3.020, RTE: 0.030, RMSE: 0.077, RR: 1.000, nCorr: 5367, time: 0.297s/0.232s:   1%|â–         | 21/1623 [00:11<11:53,  2.24it/s]
7-scenes-redkitchen, id0: 0, id1: 39, PIR: 0.891, IR: 0.681, RRE: 3.020, RTE: 0.030, RMSE: 0.077, RR: 1.000, nCorr: 5367, time: 0.297s/0.232s:   1%|â–         | 22/1623 [00:11<10:38,  2.51it/s]tensor([[ 0.9545, -0.1153, -0.2748, -0.4224],
        [-0.0154,  0.9017, -0.4319, -0.1172],
        [ 0.2976,  0.4165,  0.8589,  0.0280],
        [ 0.0000,  0.0000,  0.0000,  1.0000]], device='cuda:0')
tensor([[ 0.9620, -0.1057, -0.2517, -0.4860],
        [-0.0054,  0.9145, -0.4046, -0.1753],
        [ 0.2729,  0.3906,  0.8792,  0.0207],
        [ 0.0000,  0.0000,  0.0000,  1.0000]], device='cuda:0')

7-scenes-redkitchen, id0: 0, id1: 41, PIR: 0.727, IR: 0.625, RRE: 2.552, RTE: 0.086, RMSE: 0.050, RR: 1.000, nCorr: 4444, time: 0.289s/0.231s:   1%|â–         | 22/1623 [00:11<10:38,  2.51it/s]
7-scenes-redkitchen, id0: 0, id1: 41, PIR: 0.727, IR: 0.625, RRE: 2.552, RTE: 0.086, RMSE: 0.050, RR: 1.000, nCorr: 4444, time: 0.289s/0.231s:   1%|â–         | 23/1623 [00:11<09:56,  2.68it/s]tensor([[ 0.9702,  0.0420, -0.2381, -0.2055],
        [-0.0395,  0.9990,  0.0151, -0.1582],
        [ 0.2385, -0.0052,  0.9710,  0.2459],
        [ 0.0000,  0.0000,  0.0000,  1.0000]], device='cuda:0')
tensor([[ 0.9709,  0.0583, -0.2323, -0.2224],
        [-0.0520,  0.9981,  0.0335, -0.1733],
        [ 0.2338, -0.0205,  0.9721,  0.2346],
        [ 0.0000,  0.0000,  0.0000,  1.0000]], device='cuda:0')

7-scenes-redkitchen, id0: 1, id1: 2, PIR: 0.984, IR: 0.881, RRE: 1.689, RTE: 0.025, RMSE: 0.027, RR: 1.000, nCorr: 6412, time: 0.282s/0.229s:   1%|â–         | 23/1623 [00:12<09:56,  2.68it/s] 
7-scenes-redkitchen, id0: 1, id1: 2, PIR: 0.984, IR: 0.881, RRE: 1.689, RTE: 0.025, RMSE: 0.027, RR: 1.000, nCorr: 6412, time: 0.282s/0.229s:   1%|â–         | 24/1623 [00:12<13:35,  1.96it/s]tensor([[ 0.9517,  0.0393, -0.3042, -0.1109],
        [-0.0808,  0.9888, -0.1250, -0.4609],
        [ 0.2959,  0.1435,  0.9442,  0.4854],
        [ 0.0000,  0.0000,  0.0000,  1.0000]], device='cuda:0')
tensor([[ 0.9500,  0.0577, -0.3068, -0.1202],
        [-0.0947,  0.9897, -0.1073, -0.4706],
        [ 0.2974,  0.1309,  0.9457,  0.4762],
        [ 0.0000,  0.0000,  0.0000,  1.0000]], device='cuda:0')

7-scenes-redkitchen, id0: 1, id1: 3, PIR: 0.969, IR: 0.822, RRE: 1.691, RTE: 0.016, RMSE: 0.029, RR: 1.000, nCorr: 5537, time: 0.296s/0.227s:   1%|â–         | 24/1623 [00:12<13:35,  1.96it/s]
7-scenes-redkitchen, id0: 1, id1: 3, PIR: 0.969, IR: 0.822, RRE: 1.691, RTE: 0.016, RMSE: 0.029, RR: 1.000, nCorr: 5537, time: 0.296s/0.227s:   2%|â–         | 25/1623 [00:12<11:47,  2.26it/s]tensor([[ 0.9631, -0.1419,  0.2280,  0.0732],
        [ 0.1662,  0.9818, -0.0909, -0.4230],
        [-0.2110,  0.1255,  0.9692,  0.3829],
        [ 0.0000,  0.0000,  0.0000,  1.0000]], device='cuda:0')
tensor([[ 0.9669, -0.1507,  0.2057,  0.1009],
        [ 0.1684,  0.9831, -0.0712, -0.4487],
        [-0.1915,  0.1035,  0.9760,  0.3762],
        [ 0.0000,  0.0000,  0.0000,  1.0000]], device='cuda:0')

7-scenes-redkitchen, id0: 1, id1: 4, PIR: 0.969, IR: 0.793, RRE: 2.086, RTE: 0.038, RMSE: 0.036, RR: 1.000, nCorr: 5295, time: 0.289s/0.225s:   2%|â–         | 25/1623 [00:12<11:47,  2.26it/s]
7-scenes-redkitchen, id0: 1, id1: 4, PIR: 0.969, IR: 0.793, RRE: 2.086, RTE: 0.038, RMSE: 0.036, RR: 1.000, nCorr: 5295, time: 0.289s/0.225s:   2%|â–         | 26/1623 [00:12<10:34,  2.52it/s]tensor([[ 0.9163, -0.2645,  0.3002,  0.2540],
        [ 0.3092,  0.9443, -0.1118, -0.1547],
        [-0.2539,  0.1952,  0.9472,  0.1993],
        [ 0.0000,  0.0000,  0.0000,  1.0000]], device='cuda:0')
tensor([[ 0.9221, -0.2635,  0.2834,  0.2681],
        [ 0.3040,  0.9464, -0.1090, -0.1574],
        [-0.2395,  0.1867,  0.9528,  0.1988],
        [ 0.0000,  0.0000,  0.0000,  1.0000]], device='cuda:0')

7-scenes-redkitchen, id0: 1, id1: 5, PIR: 0.887, IR: 0.759, RRE: 1.545, RTE: 0.014, RMSE: 0.033, RR: 1.000, nCorr: 4590, time: 0.283s/0.223s:   2%|â–         | 26/1623 [00:13<10:34,  2.52it/s]
7-scenes-redkitchen, id0: 1, id1: 5, PIR: 0.887, IR: 0.759, RRE: 1.545, RTE: 0.014, RMSE: 0.033, RR: 1.000, nCorr: 4590, time: 0.283s/0.223s:   2%|â–         | 27/1623 [00:13<09:40,  2.75it/s]tensor([[ 0.9957, -0.0859,  0.0299,  0.8509],
        [ 0.0884,  0.9915, -0.0937, -0.0613],
        [-0.0217,  0.0960,  0.9950,  0.0383],
        [ 0.0000,  0.0000,  0.0000,  1.0000]], device='cuda:0')
tensor([[ 0.9969, -0.0768,  0.0189,  0.8648],
        [ 0.0781,  0.9934, -0.0840, -0.0750],
        [-0.0123,  0.0852,  0.9963,  0.0392],
        [ 0.0000,  0.0000,  0.0000,  1.0000]], device='cuda:0')

7-scenes-redkitchen, id0: 1, id1: 10, PIR: 0.957, IR: 0.800, RRE: 1.618, RTE: 0.020, RMSE: 0.024, RR: 1.000, nCorr: 4930, time: 0.276s/0.221s:   2%|â–         | 27/1623 [00:13<09:40,  2.75it/s]
7-scenes-redkitchen, id0: 1, id1: 10, PIR: 0.957, IR: 0.800, RRE: 1.618, RTE: 0.020, RMSE: 0.024, RR: 1.000, nCorr: 4930, time: 0.276s/0.221s:   2%|â–         | 28/1623 [00:13<09:46,  2.72it/s]tensor([[ 0.9551, -0.2809,  0.0921,  0.6151],
        [ 0.2868,  0.9560, -0.0587, -0.1324],
        [-0.0716,  0.0825,  0.9938,  0.2365],
        [ 0.0000,  0.0000,  0.0000,  1.0000]], device='cuda:0')
tensor([[ 0.9570, -0.2788,  0.0808,  0.6282],
        [ 0.2827,  0.9583, -0.0422, -0.1480],
        [-0.0657,  0.0632,  0.9958,  0.2338],
        [ 0.0000,  0.0000,  0.0000,  1.0000]], device='cuda:0')

7-scenes-redkitchen, id0: 1, id1: 11, PIR: 0.988, IR: 0.818, RRE: 1.750, RTE: 0.020, RMSE: 0.029, RR: 1.000, nCorr: 5292, time: 0.274s/0.220s:   2%|â–         | 28/1623 [00:13<09:46,  2.72it/s]
7-scenes-redkitchen, id0: 1, id1: 11, PIR: 0.988, IR: 0.818, RRE: 1.750, RTE: 0.020, RMSE: 0.029, RR: 1.000, nCorr: 5292, time: 0.274s/0.220s:   2%|â–         | 29/1623 [00:13<09:12,  2.89it/s]tensor([[ 0.9728, -0.2292, -0.0297,  0.3418],
        [ 0.2271,  0.9718, -0.0601, -0.2810],
        [ 0.0426,  0.0517,  0.9976,  0.5290],
        [ 0.0000,  0.0000,  0.0000,  1.0000]], device='cuda:0')
tensor([[ 0.9757, -0.2164, -0.0356,  0.3435],
        [ 0.2147,  0.9756, -0.0451, -0.2853],
        [ 0.0445,  0.0364,  0.9983,  0.5252],
        [ 0.0000,  0.0000,  0.0000,  1.0000]], device='cuda:0')

7-scenes-redkitchen, id0: 1, id1: 12, PIR: 0.996, IR: 0.815, RRE: 1.768, RTE: 0.006, RMSE: 0.034, RR: 1.000, nCorr: 5853, time: 0.269s/0.218s:   2%|â–         | 29/1623 [00:14<09:12,  2.89it/s]
7-scenes-redkitchen, id0: 1, id1: 12, PIR: 0.996, IR: 0.815, RRE: 1.768, RTE: 0.006, RMSE: 0.034, RR: 1.000, nCorr: 5853, time: 0.269s/0.218s:   2%|â–         | 30/1623 [00:14<08:35,  3.09it/s]tensor([[ 0.9711, -0.1968, -0.1336,  0.0630],
        [ 0.1892,  0.9794, -0.0674, -0.3716],
        [ 0.1441,  0.0401,  0.9885,  0.5638],
        [ 0.0000,  0.0000,  0.0000,  1.0000]], device='cuda:0')
tensor([[ 0.9734, -0.1825, -0.1388,  0.0601],
        [ 0.1767,  0.9828, -0.0537, -0.3741],
        [ 0.1462,  0.0278,  0.9889,  0.5605],
        [ 0.0000,  0.0000,  0.0000,  1.0000]], device='cuda:0')

7-scenes-redkitchen, id0: 1, id1: 13, PIR: 0.984, IR: 0.817, RRE: 1.748, RTE: 0.005, RMSE: 0.030, RR: 1.000, nCorr: 5513, time: 0.263s/0.216s:   2%|â–         | 30/1623 [00:14<08:35,  3.09it/s]
7-scenes-redkitchen, id0: 1, id1: 13, PIR: 0.984, IR: 0.817, RRE: 1.748, RTE: 0.005, RMSE: 0.030, RR: 1.000, nCorr: 5513, time: 0.263s/0.216s:   2%|â–         | 31/1623 [00:14<08:08,  3.26it/s]tensor([[ 0.9506, -0.3079, -0.0350, -0.0510],
        [ 0.3087,  0.9507,  0.0219, -0.5467],
        [ 0.0265, -0.0316,  0.9989,  0.8267],
        [ 0.0000,  0.0000,  0.0000,  1.0000]], device='cuda:0')
tensor([[ 0.9626, -0.2686, -0.0348, -0.0700],
        [ 0.2691,  0.9630,  0.0129, -0.5158],
        [ 0.0301, -0.0218,  0.9993,  0.8135],
        [ 0.0000,  0.0000,  0.0000,  1.0000]], device='cuda:0')

7-scenes-redkitchen, id0: 1, id1: 14, PIR: 0.945, IR: 0.746, RRE: 2.796, RTE: 0.039, RMSE: 0.037, RR: 1.000, nCorr: 4874, time: 0.258s/0.215s:   2%|â–         | 31/1623 [00:14<08:08,  3.26it/s]
7-scenes-redkitchen, id0: 1, id1: 14, PIR: 0.945, IR: 0.746, RRE: 2.796, RTE: 0.039, RMSE: 0.037, RR: 1.000, nCorr: 4874, time: 0.258s/0.215s:   2%|â–         | 32/1623 [00:14<09:25,  2.82it/s]tensor([[ 7.9850e-01,  8.2128e-02, -5.9596e-01,  2.6053e+00],
        [-1.0359e-01,  9.9442e-01, -1.7624e-03, -1.4360e-01],
        [ 5.9262e-01,  6.3160e-02,  8.0269e-01,  5.2073e-01],
        [ 0.0000e+00,  0.0000e+00,  0.0000e+00,  1.0000e+00]], device='cuda:0')
tensor([[ 0.7995,  0.0841, -0.5947,  2.5874],
        [-0.1087,  0.9941, -0.0056, -0.1539],
        [ 0.5907,  0.0691,  0.8039,  0.5362],
        [ 0.0000,  0.0000,  0.0000,  1.0000]], device='cuda:0')

7-scenes-redkitchen, id0: 1, id1: 26, PIR: 0.855, IR: 0.639, RRE: 1.551, RTE: 0.026, RMSE: 0.030, RR: 1.000, nCorr: 3405, time: 0.259s/0.214s:   2%|â–         | 32/1623 [00:15<09:25,  2.82it/s]
7-scenes-redkitchen, id0: 1, id1: 26, PIR: 0.855, IR: 0.639, RRE: 1.551, RTE: 0.026, RMSE: 0.030, RR: 1.000, nCorr: 3405, time: 0.259s/0.214s:   2%|â–         | 33/1623 [00:15<08:56,  2.96it/s]tensor([[ 0.3274,  0.2684, -0.9057,  2.3557],
        [-0.3115,  0.9357,  0.1646, -0.5422],
        [ 0.8918,  0.2282,  0.3900,  1.1582],
        [ 0.0000,  0.0000,  0.0000,  1.0000]], device='cuda:0')
tensor([[ 0.3275,  0.2642, -0.9072,  2.3417],
        [-0.2811,  0.9439,  0.1735, -0.5582],
        [ 0.9021,  0.1982,  0.3834,  1.1885],
        [ 0.0000,  0.0000,  0.0000,  1.0000]], device='cuda:0')

7-scenes-redkitchen, id0: 1, id1: 27, PIR: 0.941, IR: 0.672, RRE: 2.419, RTE: 0.037, RMSE: 0.039, RR: 1.000, nCorr: 4836, time: 0.255s/0.213s:   2%|â–         | 33/1623 [00:15<08:56,  2.96it/s]
7-scenes-redkitchen, id0: 1, id1: 27, PIR: 0.941, IR: 0.672, RRE: 2.419, RTE: 0.037, RMSE: 0.039, RR: 1.000, nCorr: 4836, time: 0.255s/0.213s:   2%|â–         | 34/1623 [00:15<08:41,  3.04it/s]tensor([[ 0.2004,  0.2774, -0.9393,  1.8346],
        [-0.3122,  0.9269,  0.2071, -0.8476],
        [ 0.9284,  0.2518,  0.2725,  1.5808],
        [ 0.0000,  0.0000,  0.0000,  1.0000]], device='cuda:0')
tensor([[ 0.2281,  0.2843, -0.9312,  1.8032],
        [-0.2950,  0.9316,  0.2121, -0.8421],
        [ 0.9279,  0.2263,  0.2964,  1.5166],
        [ 0.0000,  0.0000,  0.0000,  1.0000]], device='cuda:0')

7-scenes-redkitchen, id0: 1, id1: 28, PIR: 0.941, IR: 0.724, RRE: 2.541, RTE: 0.072, RMSE: 0.036, RR: 1.000, nCorr: 5322, time: 0.251s/0.212s:   2%|â–         | 34/1623 [00:15<08:41,  3.04it/s]
7-scenes-redkitchen, id0: 1, id1: 28, PIR: 0.941, IR: 0.724, RRE: 2.541, RTE: 0.072, RMSE: 0.036, RR: 1.000, nCorr: 5322, time: 0.251s/0.212s:   2%|â–         | 35/1623 [00:15<08:24,  3.15it/s]tensor([[ 0.2747,  0.2424, -0.9302,  1.3535],
        [-0.3129,  0.9373,  0.1518, -1.0097],
        [ 0.9089,  0.2494,  0.3334,  1.7028],
        [ 0.0000,  0.0000,  0.0000,  1.0000]], device='cuda:0')
tensor([[ 0.2702,  0.2685, -0.9246,  1.3029],
        [-0.2832,  0.9400,  0.1902, -1.0502],
        [ 0.9202,  0.2104,  0.3300,  1.6855],
        [ 0.0000,  0.0000,  0.0000,  1.0000]], device='cuda:0')

7-scenes-redkitchen, id0: 1, id1: 29, PIR: 0.867, IR: 0.616, RRE: 3.213, RTE: 0.067, RMSE: 0.065, RR: 1.000, nCorr: 5189, time: 0.247s/0.211s:   2%|â–         | 35/1623 [00:16<08:24,  3.15it/s]
7-scenes-redkitchen, id0: 1, id1: 29, PIR: 0.867, IR: 0.616, RRE: 3.213, RTE: 0.067, RMSE: 0.065, RR: 1.000, nCorr: 5189, time: 0.247s/0.211s:   2%|â–         | 36/1623 [00:16<08:43,  3.03it/s]tensor([[-0.2294,  0.4621, -0.8563,  0.3152],
        [-0.5143,  0.6893,  0.5097, -1.2531],
        [ 0.8261,  0.5574,  0.0796,  1.8164],
        [ 0.0000,  0.0000,  0.0000,  1.0000]], device='cuda:0')
tensor([[-0.9349, -0.3516, -0.0483,  0.9821],
        [-0.1377,  0.2340,  0.9624, -1.6357],
        [-0.3271,  0.9064, -0.2672,  2.6027],
        [ 0.0000,  0.0000,  0.0000,  1.0000]], device='cuda:0')

7-scenes-redkitchen, id0: 1, id1: 31, PIR: 0.105, IR: 0.098, RRE: 89.144, RTE: 1.100, RMSE: 2.359, RR: 0.000, nCorr: 2883, time: 0.246s/0.209s:   2%|â–         | 36/1623 [00:16<08:43,  3.03it/s]
7-scenes-redkitchen, id0: 1, id1: 31, PIR: 0.105, IR: 0.098, RRE: 89.144, RTE: 1.100, RMSE: 2.359, RR: 0.000, nCorr: 2883, time: 0.246s/0.209s:   2%|â–         | 37/1623 [00:16<08:07,  3.25it/s]tensor([[-0.6503,  0.5384, -0.5355,  0.2761],
        [-0.4024,  0.3536,  0.8441, -1.3010],
        [ 0.6439,  0.7646, -0.0132,  1.7612],
        [ 0.0000,  0.0000,  0.0000,  1.0000]], device='cuda:0')
tensor([[-0.6192,  0.5596, -0.5508,  0.3227],
        [-0.4333,  0.3414,  0.8341, -1.3023],
        [ 0.6548,  0.7551,  0.0311,  1.7236],
        [ 0.0000,  0.0000,  0.0000,  1.0000]], device='cuda:0')

7-scenes-redkitchen, id0: 1, id1: 32, PIR: 0.883, IR: 0.612, RRE: 3.319, RTE: 0.060, RMSE: 0.061, RR: 1.000, nCorr: 4931, time: 0.242s/0.208s:   2%|â–         | 37/1623 [00:16<08:07,  3.25it/s] 
7-scenes-redkitchen, id0: 1, id1: 32, PIR: 0.883, IR: 0.612, RRE: 3.319, RTE: 0.060, RMSE: 0.061, RR: 1.000, nCorr: 4931, time: 0.242s/0.208s:   2%|â–         | 38/1623 [00:16<07:40,  3.44it/s]tensor([[ 0.9755, -0.1247, -0.1807, -0.2655],
        [ 0.0397,  0.9097, -0.4132,  0.0548],
        [ 0.2159,  0.3959,  0.8924, -0.3737],
        [ 0.0000,  0.0000,  0.0000,  1.0000]], device='cuda:0')
tensor([[ 0.9820, -0.0902, -0.1657, -0.3169],
        [ 0.0201,  0.9232, -0.3837, -0.0137],
        [ 0.1876,  0.3735,  0.9085, -0.3767],
        [ 0.0000,  0.0000,  0.0000,  1.0000]], device='cuda:0')

7-scenes-redkitchen, id0: 1, id1: 40, PIR: 0.957, IR: 0.797, RRE: 2.874, RTE: 0.086, RMSE: 0.043, RR: 1.000, nCorr: 5739, time: 0.238s/0.207s:   2%|â–         | 38/1623 [00:16<07:40,  3.44it/s]
7-scenes-redkitchen, id0: 1, id1: 40, PIR: 0.957, IR: 0.797, RRE: 2.874, RTE: 0.086, RMSE: 0.043, RR: 1.000, nCorr: 5739, time: 0.238s/0.207s:   2%|â–         | 39/1623 [00:17<07:42,  3.43it/s]tensor([[ 0.9650, -0.1572, -0.2094, -0.3044],
        [ 0.0435,  0.8849, -0.4636, -0.0973],
        [ 0.2582,  0.4383,  0.8608, -0.0758],
        [ 0.0000,  0.0000,  0.0000,  1.0000]], device='cuda:0')
tensor([[ 0.9699, -0.1337, -0.2037, -0.3453],
        [ 0.0358,  0.9051, -0.4237, -0.1716],
        [ 0.2410,  0.4036,  0.8826, -0.0951],
        [ 0.0000,  0.0000,  0.0000,  1.0000]], device='cuda:0')

7-scenes-redkitchen, id0: 1, id1: 41, PIR: 0.844, IR: 0.742, RRE: 2.939, RTE: 0.087, RMSE: 0.056, RR: 1.000, nCorr: 4606, time: 0.235s/0.206s:   2%|â–         | 39/1623 [00:17<07:42,  3.43it/s]
7-scenes-redkitchen, id0: 1, id1: 41, PIR: 0.844, IR: 0.742, RRE: 2.939, RTE: 0.087, RMSE: 0.056, RR: 1.000, nCorr: 4606, time: 0.235s/0.206s:   2%|â–         | 40/1623 [00:17<08:14,  3.20it/s]tensor([[ 0.9972,  0.0333, -0.0650,  0.1609],
        [-0.0423,  0.9888, -0.1426, -0.2997],
        [ 0.0595,  0.1449,  0.9875,  0.2055],
        [ 0.0000,  0.0000,  0.0000,  1.0000]], device='cuda:0')
tensor([[ 0.9975,  0.0191, -0.0677,  0.1585],
        [-0.0282,  0.9901, -0.1373, -0.3150],
        [ 0.0644,  0.1389,  0.9882,  0.1975],
        [ 0.0000,  0.0000,  0.0000,  1.0000]], device='cuda:0')

7-scenes-redkitchen, id0: 2, id1: 3, PIR: 1.000, IR: 0.909, RRE: 1.441, RTE: 0.017, RMSE: 0.014, RR: 1.000, nCorr: 6871, time: 0.235s/0.206s:   2%|â–         | 40/1623 [00:17<08:14,  3.20it/s] 
7-scenes-redkitchen, id0: 2, id1: 3, PIR: 1.000, IR: 0.909, RRE: 1.441, RTE: 0.017, RMSE: 0.014, RR: 1.000, nCorr: 6871, time: 0.235s/0.206s:   3%|â–Ž         | 41/1623 [00:17<08:16,  3.18it/s]tensor([[ 0.8984, -0.2907,  0.3288,  0.7930],
        [ 0.3270,  0.9429, -0.0600,  0.0603],
        [-0.2926,  0.1614,  0.9423, -0.2042],
        [ 0.0000,  0.0000,  0.0000,  1.0000]], device='cuda:0')
tensor([[ 0.8980, -0.3152,  0.3069,  0.8147],
        [ 0.3483,  0.9356, -0.0584,  0.0859],
        [-0.2687,  0.1593,  0.9500, -0.2013],
        [ 0.0000,  0.0000,  0.0000,  1.0000]], device='cuda:0')

7-scenes-redkitchen, id0: 2, id1: 11, PIR: 0.871, IR: 0.717, RRE: 2.323, RTE: 0.034, RMSE: 0.042, RR: 1.000, nCorr: 5170, time: 0.231s/0.205s:   3%|â–Ž         | 41/1623 [00:17<08:16,  3.18it/s]
7-scenes-redkitchen, id0: 2, id1: 11, PIR: 0.871, IR: 0.717, RRE: 2.323, RTE: 0.034, RMSE: 0.042, RR: 1.000, nCorr: 5170, time: 0.231s/0.205s:   3%|â–Ž         | 42/1623 [00:17<07:59,  3.30it/s]tensor([[ 0.9451, -0.2484,  0.2115,  0.6034],
        [ 0.2675,  0.9611, -0.0665, -0.1012],
        [-0.1868,  0.1194,  0.9749,  0.1427],
        [ 0.0000,  0.0000,  0.0000,  1.0000]], device='cuda:0')
tensor([[ 0.9426, -0.2719,  0.1938,  0.6186],
        [ 0.2887,  0.9552, -0.0643, -0.0838],
        [-0.1676,  0.1166,  0.9789,  0.1476],
        [ 0.0000,  0.0000,  0.0000,  1.0000]], device='cuda:0')

7-scenes-redkitchen, id0: 2, id1: 12, PIR: 0.996, IR: 0.840, RRE: 2.166, RTE: 0.024, RMSE: 0.028, RR: 1.000, nCorr: 6383, time: 0.229s/0.204s:   3%|â–Ž         | 42/1623 [00:18<07:59,  3.30it/s]
7-scenes-redkitchen, id0: 2, id1: 12, PIR: 0.996, IR: 0.840, RRE: 2.166, RTE: 0.024, RMSE: 0.028, RR: 1.000, nCorr: 6383, time: 0.229s/0.204s:   3%|â–Ž         | 43/1623 [00:18<07:43,  3.41it/s]tensor([[ 0.9692, -0.2201,  0.1088,  0.3448],
        [ 0.2291,  0.9701, -0.0781, -0.2036],
        [-0.0884,  0.1006,  0.9908,  0.2415],
        [ 0.0000,  0.0000,  0.0000,  1.0000]], device='cuda:0')
tensor([[ 0.9673, -0.2347,  0.0962,  0.3530],
        [ 0.2428,  0.9665, -0.0829, -0.1967],
        [-0.0735,  0.1035,  0.9919,  0.2384],
        [ 0.0000,  0.0000,  0.0000,  1.0000]], device='cuda:0')

7-scenes-redkitchen, id0: 2, id1: 13, PIR: 0.992, IR: 0.860, RRE: 1.803, RTE: 0.011, RMSE: 0.019, RR: 1.000, nCorr: 6212, time: 0.226s/0.203s:   3%|â–Ž         | 43/1623 [00:18<07:43,  3.41it/s]
7-scenes-redkitchen, id0: 2, id1: 13, PIR: 0.992, IR: 0.860, RRE: 1.803, RTE: 0.011, RMSE: 0.019, RR: 1.000, nCorr: 6212, time: 0.226s/0.203s:   3%|â–Ž         | 44/1623 [00:18<07:24,  3.55it/s]tensor([[ 0.9165, -0.3438,  0.2035,  0.3038],
        [ 0.3482,  0.9371,  0.0152, -0.3847],
        [-0.1960,  0.0569,  0.9787,  0.5213],
        [ 0.0000,  0.0000,  0.0000,  1.0000]], device='cuda:0')
tensor([[ 9.1980e-01, -3.3327e-01,  2.0714e-01,  2.7179e-01],
        [ 3.4052e-01,  9.4024e-01,  6.6525e-04, -3.6905e-01],
        [-1.9498e-01,  6.9924e-02,  9.7831e-01,  5.1469e-01],
        [ 0.0000e+00,  0.0000e+00,  0.0000e+00,  1.0000e+00]], device='cuda:0')

7-scenes-redkitchen, id0: 2, id1: 14, PIR: 0.961, IR: 0.804, RRE: 1.712, RTE: 0.036, RMSE: 0.032, RR: 1.000, nCorr: 5760, time: 0.223s/0.203s:   3%|â–Ž         | 44/1623 [00:18<07:24,  3.55it/s]
7-scenes-redkitchen, id0: 2, id1: 14, PIR: 0.961, IR: 0.804, RRE: 1.712, RTE: 0.036, RMSE: 0.032, RR: 1.000, nCorr: 5760, time: 0.223s/0.203s:   3%|â–Ž         | 45/1623 [00:18<07:16,  3.61it/s]tensor([[ 0.9203,  0.0555, -0.3867,  2.7924],
        [-0.0731,  0.9966, -0.0310,  0.1311],
        [ 0.3838,  0.0568,  0.9214, -0.4022],
        [ 0.0000,  0.0000,  0.0000,  1.0000]], device='cuda:0')
tensor([[-0.9833,  0.1125,  0.1430, -0.5927],
        [-0.1785, -0.4463, -0.8769,  2.7466],
        [-0.0348, -0.8878,  0.4590,  1.1517],
        [ 0.0000,  0.0000,  0.0000,  1.0000]], device='cuda:0')

7-scenes-redkitchen, id0: 2, id1: 26, PIR: 0.000, IR: 0.000, RRE: 178.678, RTE: 4.551, RMSE: 2.153, RR: 0.000, nCorr: 4727, time: 0.220s/0.202s:   3%|â–Ž         | 45/1623 [00:19<07:16,  3.61it/s]
7-scenes-redkitchen, id0: 2, id1: 26, PIR: 0.000, IR: 0.000, RRE: 178.678, RTE: 4.551, RMSE: 2.153, RR: 0.000, nCorr: 4727, time: 0.220s/0.202s:   3%|â–Ž         | 46/1623 [00:19<07:24,  3.55it/s]tensor([[ 0.5427,  0.2779, -0.7923,  2.7180],
        [-0.3021,  0.9449,  0.1244, -0.2810],
        [ 0.7834,  0.1719,  0.5969,  0.2702],
        [ 0.0000,  0.0000,  0.0000,  1.0000]], device='cuda:0')
tensor([[ 0.5409,  0.2366, -0.8071,  2.7660],
        [-0.2892,  0.9534,  0.0857, -0.1890],
        [ 0.7898,  0.1871,  0.5842,  0.3561],
        [ 0.0000,  0.0000,  0.0000,  1.0000]], device='cuda:0')

7-scenes-redkitchen, id0: 2, id1: 27, PIR: 0.934, IR: 0.566, RRE: 3.022, RTE: 0.135, RMSE: 0.067, RR: 1.000, nCorr: 5179, time: 0.218s/0.202s:   3%|â–Ž         | 46/1623 [00:19<07:24,  3.55it/s]  
7-scenes-redkitchen, id0: 2, id1: 27, PIR: 0.934, IR: 0.566, RRE: 3.022, RTE: 0.135, RMSE: 0.067, RR: 1.000, nCorr: 5179, time: 0.218s/0.202s:   3%|â–Ž         | 47/1623 [00:19<07:40,  3.43it/s]tensor([[ 0.4283,  0.2927, -0.8546,  2.3253],
        [-0.3083,  0.9364,  0.1661, -0.6101],
        [ 0.8491,  0.1924,  0.4914,  0.8001],
        [ 0.0000,  0.0000,  0.0000,  1.0000]], device='cuda:0')
tensor([[ 0.4354,  0.2643, -0.8605,  2.3367],
        [-0.2985,  0.9442,  0.1390, -0.5565],
        [ 0.8493,  0.1963,  0.4900,  0.8165],
        [ 0.0000,  0.0000,  0.0000,  1.0000]], device='cuda:0')

7-scenes-redkitchen, id0: 2, id1: 28, PIR: 0.965, IR: 0.752, RRE: 2.338, RTE: 0.057, RMSE: 0.030, RR: 1.000, nCorr: 5921, time: 0.216s/0.201s:   3%|â–Ž         | 47/1623 [00:19<07:40,  3.43it/s]
7-scenes-redkitchen, id0: 2, id1: 28, PIR: 0.965, IR: 0.752, RRE: 2.338, RTE: 0.057, RMSE: 0.030, RR: 1.000, nCorr: 5921, time: 0.216s/0.201s:   3%|â–Ž         | 48/1623 [00:19<07:37,  3.44it/s]tensor([[ 0.4957,  0.2577, -0.8291,  1.8939],
        [-0.3058,  0.9454,  0.1109, -0.7929],
        [ 0.8125,  0.1986,  0.5475,  1.0307],
        [ 0.0000,  0.0000,  0.0000,  1.0000]], device='cuda:0')
tensor([[ 0.4970,  0.2480, -0.8316,  1.8875],
        [-0.2869,  0.9513,  0.1123, -0.7979],
        [ 0.8190,  0.1828,  0.5440,  1.0275],
        [ 0.0000,  0.0000,  0.0000,  1.0000]], device='cuda:0')

7-scenes-redkitchen, id0: 2, id1: 29, PIR: 0.977, IR: 0.767, RRE: 1.976, RTE: 0.009, RMSE: 0.022, RR: 1.000, nCorr: 5900, time: 0.214s/0.201s:   3%|â–Ž         | 48/1623 [00:19<07:37,  3.44it/s]
7-scenes-redkitchen, id0: 2, id1: 29, PIR: 0.977, IR: 0.767, RRE: 1.976, RTE: 0.009, RMSE: 0.022, RR: 1.000, nCorr: 5900, time: 0.214s/0.201s:   3%|â–Ž         | 49/1623 [00:19<07:27,  3.51it/s]tensor([[ 0.3244,  0.3199, -0.8899,  1.4031],
        [-0.3780,  0.9063,  0.1879, -0.9850],
        [ 0.8668,  0.2755,  0.4150,  1.2941],
        [ 0.0000,  0.0000,  0.0000,  1.0000]], device='cuda:0')
tensor([[ 0.3332,  0.3381, -0.8801,  1.4172],
        [-0.3728,  0.9047,  0.2064, -1.0451],
        [ 0.8660,  0.2594,  0.4275,  1.2973],
        [ 0.0000,  0.0000,  0.0000,  1.0000]], device='cuda:0')

7-scenes-redkitchen, id0: 2, id1: 30, PIR: 0.926, IR: 0.717, RRE: 2.189, RTE: 0.062, RMSE: 0.050, RR: 1.000, nCorr: 4742, time: 0.211s/0.200s:   3%|â–Ž         | 49/1623 [00:20<07:27,  3.51it/s]
7-scenes-redkitchen, id0: 2, id1: 30, PIR: 0.926, IR: 0.717, RRE: 2.189, RTE: 0.062, RMSE: 0.050, RR: 1.000, nCorr: 4742, time: 0.211s/0.200s:   3%|â–Ž         | 50/1623 [00:20<07:05,  3.69it/s]tensor([[-0.0052,  0.5542, -0.8320,  0.9231],
