0	1	66
0.9812768697738647	-0.058830201625823975	0.18339726328849792	-0.4617064595222473
0.05720394849777222	0.9982621669769287	0.014149844646453857	-0.007798999547958374
-0.18391096591949463	-0.0033937692642211914	0.9829369187355042	0.10505247116088867
0.0	0.0	0.0	1.0
0	2	66
0.8671656847000122	-0.024151653051376343	0.49743348360061646	-0.5994539856910706
0.06721144914627075	0.9953609704971313	-0.06884121894836426	-0.012601286172866821
-0.49346327781677246	0.09313017129898071	0.8647661805152893	0.0901041030883789
0.0	0.0	0.0	1.0
0	5	66
0.4673883318901062	-0.025141775608062744	0.8836944103240967	-0.7301488518714905
0.24424463510513306	0.9643610715866089	-0.10174491256475449	0.019131183624267578
-0.8496424555778503	0.2633921504020691	0.456871896982193	-0.05419564247131348
0.0	0.0	0.0	1.0
0	6	66
0.727548360824585	-0.13968880474567413	0.671684980392456	-0.7559694647789001
0.22244182229042053	0.9741916060447693	-0.038341447710990906	0.049970775842666626
-0.648993968963623	0.17730620503425598	0.739844024181366	0.17430949211120605
0.0	0.0	0.0	1.0
0	7	66
0.6920732855796814	0.005445554852485657	0.721807062625885	-0.7433800101280212
0.039687544107437134	0.9981725215911865	-0.04558327794075012	-0.04174298048019409
-0.7207355499267578	0.06019368767738342	0.6905919313430786	0.46038103103637695
0.0	0.0	0.0	1.0
0	34	66
0.588860809803009	0.41529566049575806	-0.6933777332305908	0.8167723417282104
-0.2867826819419861	0.9094322323799133	0.3011464476585388	-0.19490370154380798
0.7556447982788086	0.021515190601348877	0.6546282768249512	0.5761637687683105
0.0	0.0	0.0	1.0
0	35	66
0.852543294429779	0.310315877199173	-0.4205630421638489	1.0715172290802002
-0.2318635731935501	0.9457050561904907	0.22777456045150757	-0.26057469844818115
0.4684106409549713	-0.09667456150054932	0.8782057762145996	0.5987643003463745
0.0	0.0	0.0	1.0
0	36	66
0.9853982329368591	0.10202998667955399	-0.13630950450897217	0.9456196427345276
-0.0840497761964798	0.9877175092697144	0.13171684741973877	-0.17078089714050293
0.1480744481086731	-0.11833709478378296	0.981870710849762	0.4244048595428467
0.0	0.0	0.0	1.0
0	37	66
0.9895458817481995	0.13478468358516693	-0.05130283534526825	1.0365978479385376
-0.12521308660507202	0.9794518351554871	0.158100426197052	-0.1701575517654419
0.0715581476688385	-0.1500239074230194	0.9860893487930298	0.3930535316467285
0.0	0.0	0.0	1.0
0	38	66
0.9899672269821167	0.006295740604400635	0.14115765690803528	0.8280335664749146
-0.023715674877166748	0.992238461971283	0.12206858396530151	-0.11179062724113464
-0.13929344713687897	-0.12419188022613525	0.9824327230453491	0.37404966354370117
0.0	0.0	0.0	1.0
0	45	66
0.5836458206176758	-0.17485839128494263	0.7929579019546509	-0.35806602239608765
0.5571765899658203	0.7966138124465942	-0.23443755507469177	0.23509475588798523
-0.59068763256073	0.5786459445953369	0.56236732006073	0.20326590538024902
0.0	0.0	0.0	1.0
0	46	66
0.8364787101745605	-0.13481928408145905	0.5311564803123474	0.16418713331222534
0.18589073419570923	0.9816030263900757	-0.04359252750873566	-0.07129472494125366
-0.5155077576637268	0.13520094752311707	0.84615159034729	0.23119235038757324
0.0	0.0	0.0	1.0
0	47	66
0.7383766174316406	-0.3724313974380493	0.5622230768203735	-0.2308725118637085
0.2601727247238159	0.9264532923698425	0.2720179259777069	-0.0004145503044128418
-0.6221812963485718	-0.05457630753517151	0.780968189239502	0.36382877826690674
0.0	0.0	0.0	1.0
0	48	66
0.6811519861221313	-0.43803995847702026	0.5866456627845764	-0.6140812635421753
0.21480727195739746	0.8855780959129333	0.4118366241455078	0.06967571377754211
-0.6999214291572571	-0.15450739860534668	0.6973073482513428	0.29379796981811523
0.0	0.0	0.0	1.0
0	49	66
0.7253715991973877	-0.350795179605484	0.5922660231590271	-0.6348267793655396
0.21913069486618042	0.9333200454711914	0.2844212055206299	-0.06174767017364502
-0.6525472402572632	-0.07652735710144043	0.7538737058639526	0.5590578317642212
0.0	0.0	0.0	1.0
1	2	66
0.9469814300537109	0.01543988287448883	0.32091760635375977	-0.1241370439529419
0.017026960849761963	0.9950295686721802	-0.09811660647392273	-0.0023976266384124756
-0.32083746790885925	0.09837883710861206	0.9420114755630493	-0.04174089431762695
0.0	0.0	0.0	1.0
1	3	66
0.6834326982498169	-0.17726042866706848	0.70816570520401	-0.23343032598495483
0.2339496910572052	0.9720906615257263	0.01754464954137802	-0.004402488470077515
-0.6915112733840942	0.15368437767028809	0.7058281898498535	-0.01486825942993164
0.0	0.0	0.0	1.0
1	5	66
0.6248655319213867	-0.004687100648880005	0.7807186841964722	-0.2575761079788208
0.19812315702438354	0.96820068359375	-0.15275926887989044	0.006992518901824951
-0.7551761865615845	0.2501319944858551	0.6059234738349915	-0.18717575073242188
0.0	0.0	0.0	1.0
1	6	66
0.8472589254379272	-0.11808967590332031	0.5178872346878052	-0.2908034920692444
0.18279212713241577	0.9802460670471191	-0.0755285918712616	0.06312236189842224
-0.4987378418445587	0.15865829586982727	0.8521082401275635	0.014497995376586914
0.0	0.0	0.0	1.0
1	7	66
0.8254308700561523	0.05400177836418152	0.561914324760437	-0.30074143409729004
-0.008368700742721558	0.9964749217033386	-0.0834708958864212	-0.040154218673706055
-0.5644410848617554	0.06419709324836731	0.8229732513427734	0.2898976802825928
0.0	0.0	0.0	1.0
1	34	66
0.4346204102039337	0.4534738063812256	-0.7781174182891846	1.1309936046600342
-0.3165137767791748	0.8857808113098145	0.33942824602127075	-0.2721661329269409
0.843163013458252	0.0987623929977417	0.5285090804100037	0.6836210489273071
0.0	0.0	0.0	1.0
1	35	66
0.7515482306480408	0.3468349277973175	-0.5611425042152405	1.3677191734313965
-0.2559879720211029	0.9373067021369934	0.23648762702941895	-0.31390130519866943
0.6079849004745483	-0.03408631682395935	0.7932166457176208	0.7450804710388184
0.0	0.0	0.0	1.0
1	36	66
0.9291415810585022	0.17728710174560547	-0.3244471549987793	1.3403340578079224
-0.13886740803718567	0.9806267619132996	0.13815781474113464	-0.2518531084060669
0.3426551818847656	-0.08331331610679626	0.9357599020004272	0.5923483371734619
0.0	0.0	0.0	1.0
1	37	66
0.9459017515182495	0.21770155429840088	-0.24057461321353912	1.4206223487854004
-0.18463067710399628	0.9708832502365112	0.15263622999191284	-0.24171066284179688
0.2667989134788513	-0.09996122121810913	0.9585543870925903	0.5730270147323608
0.0	0.0	0.0	1.0
1	38	66
0.9925885200500488	0.10490341484546661	-0.06134846806526184	1.2601687908172607
-0.09647323191165924	0.9871809482574463	0.12714862823486328	-0.2269887924194336
0.07390040159225464	-0.12028807401657104	0.9899846315383911	0.5331499576568604
0.0	0.0	0.0	1.0
1	45	66
0.9228827357292175	-0.1052694022655487	0.3704129159450531	0.7713803648948669
0.21507054567337036	0.9388079643249512	-0.2690430283546448	-0.16461604833602905
-0.3194246292114258	0.32795992493629456	0.8890501260757446	0.06395316123962402
0.0	0.0	0.0	1.0
1	46	66
0.9270271062850952	-0.0835544764995575	0.36556750535964966	0.5736481547355652
0.11709833145141602	0.9906126856803894	-0.0705292820930481	-0.1344362199306488
-0.3562428951263428	0.10819008946418762	0.928108811378479	0.25119686126708984
0.0	0.0	0.0	1.0
1	47	66
0.846468448638916	-0.2954677641391754	0.4429345428943634	0.13531625270843506
0.20295706391334534	0.9481412172317505	0.24461498856544495	-0.0353369414806366
-0.4922400712966919	-0.11716213822364807	0.8625386357307434	0.3141016960144043
0.0	0.0	0.0	1.0
1	48	66
0.8103633522987366	-0.3512119948863983	0.4690002202987671	-0.18317431211471558
0.17735683917999268	0.9099215269088745	0.3749502897262573	0.08426547050476074
-0.5584404468536377	-0.2206651270389557	0.7996572256088257	0.15685677528381348
0.0	0.0	0.0	1.0
1	49	66
0.8395736217498779	-0.2816827595233917	0.4645112156867981	-0.2808400094509125
0.17900896072387695	0.9507608413696289	0.2530009150505066	-0.05967283248901367
-0.5129051804542542	-0.129261314868927	0.8486575484275818	0.4195828437805176
0.0	0.0	0.0	1.0
2	3	66
0.8742583990097046	-0.19135543704032898	0.4461565911769867	-0.11901700496673584
0.17055125534534454	0.9815207123756409	0.08677138388156891	0.026342570781707764
-0.45451605319976807	0.00023193657398223877	0.8907386660575867	-0.016356468200683594
0.0	0.0	0.0	1.0
2	5	66
0.8371274471282959	-0.06350310146808624	0.5433089733123779	-0.08928775787353516
0.12990455329418182	0.9879029989242554	-0.08468806743621826	0.006516218185424805
-0.5313585996627808	0.14147301018238068	0.8352503776550293	-0.1902782917022705
0.0	0.0	0.0	1.0
2	6	66
0.9696535468101501	-0.14188259840011597	0.19910165667533875	-0.13736478984355927
0.14237909018993378	0.9897406101226807	0.011895835399627686	0.08001399040222168
-0.1987466663122177	0.0168134868144989	0.9799064993858337	-0.0067827701568603516
0.0	0.0	0.0	1.0
2	7	66
0.9687519073486328	0.05622917413711548	0.24157363176345825	-0.2171115279197693
-0.06038457155227661	0.9981271624565125	0.009826183319091797	-0.024261265993118286
-0.24056898057460785	-0.024106651544570923	0.9703328609466553	0.2675631046295166
0.0	0.0	0.0	1.0
2	8	66
0.9836088418960571	-0.08222365379333496	0.16047856211662292	-0.5522728562355042
0.07424938678741455	0.9957175254821777	0.05508100986480713	-0.15929341316223145
-0.16432031989097595	-0.04226282238960266	0.9855014085769653	0.751010537147522
0.0	0.0	0.0	1.0
2	35	66
0.4689105749130249	0.3931255042552948	-0.7909332513809204	1.2111982107162476
-0.2036789357662201	0.9194784164428711	0.33626502752304077	-0.2721906900405884
0.8594403862953186	0.0034182071685791016	0.5112245082855225	1.3422856330871582
0.0	0.0	0.0	1.0
2	36	66
0.7695737481117249	0.20944181084632874	-0.6032328605651855	1.1846202611923218
-0.08624299615621567	0.9701157212257385	0.22679871320724487	-0.16549667716026306
0.6327067613601685	-0.12251389026641846	0.7646384239196777	1.0955100059509277
0.0	0.0	0.0	1.0
2	37	66
0.8583032488822937	0.20529106259346008	-0.4702882766723633	1.1315234899520874
-0.066325843334198	0.9531815052032471	0.2950358986854553	-0.19294822216033936
0.5088382363319397	-0.22203774750232697	0.8317348957061768	0.9413899183273315
0.0	0.0	0.0	1.0
2	38	66
0.9218183755874634	0.15509209036827087	-0.3552427291870117	1.0930012464523315
-0.07281848043203354	0.9694380760192871	0.23428133130073547	-0.1655711531639099
0.380720853805542	-0.19009676575660706	0.9049394130706787	0.9982879161834717
0.0	0.0	0.0	1.0
2	45	66
0.9686926007270813	-0.20076188445091248	0.14604529738426208	0.6362475156784058
0.2281688153743744	0.9517909288406372	-0.20501941442489624	-0.0369202196598053
-0.0978446900844574	0.2319238781929016	0.9678006172180176	0.33181309700012207
0.0	0.0	0.0	1.0
2	46	66
0.9955822825431824	-0.08608511090278625	0.03748485445976257	0.5820808410644531
0.08524426817893982	0.9960833787918091	0.023481428623199463	-0.08936178684234619
-0.039359577000141144	-0.020182311534881592	0.9990212321281433	0.5213065147399902
0.0	0.0	0.0	1.0
2	47	66
0.9633868932723999	-0.221583291888237	0.15095199644565582	0.12012878060340881
0.16165000200271606	0.9292081594467163	0.33232760429382324	0.014985442161560059
-0.2139039933681488	-0.29575884342193604	0.9310058355331421	0.4198179244995117
0.0	0.0	0.0	1.0
2	48	66
0.951031506061554	-0.24150025844573975	0.19291765987873077	-0.11739742010831833
0.1305132806301117	0.8795194029808044	0.4576151371002197	0.11090880632400513
-0.2801888585090637	-0.4100281000137329	0.8679695129394531	0.1547386646270752
0.0	0.0	0.0	1.0
2	49	66
0.9631902575492859	-0.2099573016166687	0.1678769588470459	-0.29190850257873535
0.14215797185897827	0.9278497099876404	0.3447984457015991	-0.01609480381011963
-0.22815749049186707	-0.3082413971424103	0.9235429167747498	0.38602662086486816
0.0	0.0	0.0	1.0
3	4	66
0.23856955766677856	0.501418948173523	0.8316631317138672	-2.0490853786468506
-0.3911881446838379	0.8334565758705139	-0.39028459787368774	0.8710346221923828
-0.8888511657714844	-0.2322266548871994	0.39498624205589294	1.346814751625061
0.0	0.0	0.0	1.0
3	5	66
0.9969395995140076	0.0552886500954628	0.05527161434292793	0.16566947102546692
-0.04480728507041931	0.9834485650062561	-0.17555905878543854	-0.07230624556541443
-0.06406299769878387	0.17254522442817688	0.9829160571098328	-0.09769320487976074
0.0	0.0	0.0	1.0
3	6	66
0.9610471725463867	0.03099532425403595	-0.2746407687664032	0.018809735774993896
-0.03890360891819	0.9989689588546753	-0.02339358627796173	0.049469560384750366
0.27363261580467224	0.03316691517829895	0.9612622261047363	0.002716064453125
0.0	0.0	0.0	1.0
3	7	66
0.9177841544151306	0.25326210260391235	-0.30582818388938904	-0.03431349992752075
-0.273009717464447	0.9617395401000977	-0.02286180853843689	-0.061504632234573364
0.28833702206611633	0.10447648167610168	0.9518121480941772	0.2564992904663086
0.0	0.0	0.0	1.0
3	38	66
0.5896187424659729	0.38080883026123047	-0.7122743725776672	0.6290819644927979
-0.24675479531288147	0.9246419668197632	0.2900855541229248	-0.40159526467323303
0.7690657377243042	0.0047170184552669525	0.6391526460647583	1.4979264736175537
0.0	0.0	0.0	1.0
3	39	66
0.9109905958175659	0.1743999719619751	-0.3737386465072632	0.4506003260612488
-0.11283639818429947	0.9770128726959229	0.1808699369430542	-0.44519394636154175
0.39669114351272583	-0.1225995123386383	0.9097283482551575	1.5478707551956177
0.0	0.0	0.0	1.0
3	43	66
-0.9937891960144043	-0.10919146984815598	0.02145525813102722	-0.12665092945098877
-0.08961450308561325	0.6709883809089661	-0.7360323071479797	1.2373719215393066
0.0659722164273262	-0.7333836555480957	-0.6766062378883362	5.248689651489258
0.0	0.0	0.0	1.0
3	45	66
0.8517774343490601	-0.053385406732559204	-0.5211775302886963	0.7440952658653259
-0.030904456973075867	0.9879424571990967	-0.15170511603355408	-0.43048375844955444
0.5229923725128174	0.14532585442066193	0.8398569822311401	0.9504727125167847
0.0	0.0	0.0	1.0
3	46	66
0.8990854620933533	0.08992354571819305	-0.42843911051750183	0.3859447240829468
-0.09553517401218414	0.9953905344009399	0.008436828851699829	-0.22924697399139404
0.42722266912460327	0.033345796167850494	0.9035317301750183	0.7861043214797974
0.0	0.0	0.0	1.0
3	47	66
0.9609324932098389	0.1073824018239975	-0.2551029622554779	0.053050100803375244
-0.027730703353881836	0.9543874859809875	0.29728060960769653	-0.05700629949569702
0.27538976073265076	-0.27859243750572205	0.92007976770401	0.5028257369995117
0.0	0.0	0.0	1.0
3	48	66
0.9792898297309875	0.1288433074951172	-0.15617495775222778	-0.03323453664779663
-0.05323450267314911	0.9080947041511536	0.41536733508110046	0.07551687955856323
0.19533906877040863	-0.39845094084739685	0.8961470127105713	0.16402053833007812
0.0	0.0	0.0	1.0
4	5	66
0.948733925819397	-0.22239363193511963	-0.22459988296031952	0.15573903918266296
0.17295219004154205	0.960037112236023	-0.22003813087940216	0.24245375394821167
0.26455914974212646	0.16991236805915833	0.9492830038070679	0.029480457305908203
0.0	0.0	0.0	1.0
4	39	66
-0.8633878827095032	-0.2037333846092224	-0.4615781009197235	0.6792800426483154
0.45839375257492065	0.06548112630844116	-0.886333703994751	1.9994990825653076
0.2108004242181778	-0.9768342971801758	0.036854565143585205	3.4878132343292236
0.0	0.0	0.0	1.0
4	40	66
0.9955739378929138	-0.0034961700439453125	-0.09391600638628006	-0.047897934913635254
0.02298074960708618	0.9780282974243164	0.20720219612121582	-0.34314215183258057
0.09112820029258728	-0.20844316482543945	0.9737800359725952	1.4774032831192017
0.0	0.0	0.0	1.0
4	41	66
0.9288247227668762	-0.1641193926334381	0.33218851685523987	0.024095475673675537
0.09726344048976898	0.973107099533081	0.20881223678588867	-0.31243568658828735
-0.35752516984939575	-0.1616399586200714	0.9198086261749268	1.3002986907958984
0.0	0.0	0.0	1.0
4	42	66
0.9389716386795044	-0.07852562516927719	0.33491232991218567	-0.0998033881187439
0.10689818859100342	0.9920023679733276	-0.06711247563362122	-0.5494565963745117
-0.3269638121128082	0.09881821274757385	0.9398563504219055	1.2778334617614746
0.0	0.0	0.0	1.0
4	43	66
0.9872978329658508	-0.09918642044067383	0.12411811947822571	-0.013171762228012085
0.08906245231628418	0.9924246072769165	0.08462809026241302	-0.3235800266265869
-0.13157179951667786	-0.07249891757965088	0.9886519908905029	1.1725478172302246
0.0	0.0	0.0	1.0
4	45	66
-0.6696755886077881	-0.12870095670223236	-0.7314169406890869	1.6548752784729004
0.08319419622421265	0.965669572353363	-0.24609170854091644	0.03642570972442627
0.7379793524742126	-0.2256513237953186	-0.6359784007072449	4.781516075134277
0.0	0.0	0.0	1.0
4	46	66
-0.6428133249282837	0.1395617425441742	-0.7532024383544922	1.6558079719543457
-0.1148928552865982	0.9545753002166748	0.274928480386734	-0.6989092230796814
0.7573579549789429	0.2632652819156647	-0.5975790619850159	4.5440826416015625
0.0	0.0	0.0	1.0
4	47	66
-0.7378137707710266	-0.01638147234916687	-0.674805760383606	1.5963351726531982
0.6336973905563354	-0.36115893721580505	-0.6840993762016296	1.7864775657653809
-0.2325056791305542	-0.9323603510856628	0.2768489122390747	2.034555673599243
0.0	0.0	0.0	1.0
4	48	66
-0.868037223815918	-0.2496083825826645	-0.42919325828552246	0.9352782964706421
0.4555985927581787	-0.056871116161346436	-0.8883669376373291	2.458390235900879
0.1973351240158081	-0.9666754007339478	0.16308745741844177	1.6152353286743164
0.0	0.0	0.0	1.0
5	6	66
0.9411277174949646	-0.008018922060728073	-0.33795639872550964	-0.14785224199295044
0.057523611932992935	0.9889376163482666	0.13672427833080292	0.10605549812316895
0.33312132954597473	-0.1481155902147293	0.9311779737472534	0.09788632392883301
0.0	0.0	0.0	1.0
5	7	66
0.9250475764274597	0.19771990180015564	-0.32433637976646423	-0.3266851305961609
-0.16464564204216003	0.978178858757019	0.12672081589698792	0.057252347469329834
0.3423142433166504	-0.06382246315479279	0.9374157190322876	0.3112175464630127
0.0	0.0	0.0	1.0
5	38	66
0.5731450915336609	0.3362833261489868	-0.7472736239433289	0.35268425941467285
-0.06309685856103897	0.9273198843002319	0.3689124882221222	-0.04483896493911743
0.817020833492279	-0.1642896831035614	0.5527074337005615	1.6290603876113892
0.0	0.0	0.0	1.0
5	39	66
0.906436026096344	0.11978514492511749	-0.4050004184246063	0.16843606531620026
0.00502525269985199	0.9558095932006836	0.29394271969795227	-0.03214317560195923
0.42231330275535583	-0.2684752643108368	0.8657783269882202	1.6523008346557617
0.0	0.0	0.0	1.0
5	43	66
-0.9781780242919922	0.11880332231521606	0.17045076191425323	-0.9217919111251831
0.1085348054766655	0.9917379021644592	-0.0683797299861908	0.5462318062782288
-0.1771661341190338	-0.04838761314749718	-0.9829908609390259	5.202966690063477
0.0	0.0	0.0	1.0
5	45	66
0.8763172030448914	-0.15125758945941925	-0.45737189054489136	0.3779805898666382
0.1374192237854004	0.9884687662124634	-0.06360366940498352	-0.04868936538696289
0.46171844005584717	-0.007114619016647339	0.8869979381561279	0.9194493293762207
0.0	0.0	0.0	1.0
5	46	66
0.8619479537010193	0.057519786059856415	-0.5037230253219604	0.1976712942123413
0.02435941994190216	0.9876973628997803	0.15446722507476807	-0.016753673553466797
0.5064110159873962	-0.1454128921031952	0.8499428033828735	0.9566776752471924
0.0	0.0	0.0	1.0
5	47	66
0.9399443864822388	0.0850137323141098	-0.33057039976119995	-0.1328384280204773
0.07765427231788635	0.8898269534111023	0.44964155554771423	0.0864553451538086
0.3323761224746704	-0.4483082890510559	0.8297862410545349	0.6091742515563965
0.0	0.0	0.0	1.0
5	48	66
0.9643170237541199	0.11800959706306458	-0.2369946390390396	-0.20002198219299316
0.036475714296102524	0.8274064064025879	0.5604177117347717	0.16024357080459595
0.26222535967826843	-0.5490651726722717	0.7935774326324463	0.2466883659362793
0.0	0.0	0.0	1.0
5	49	66
0.9443438649177551	0.1071837842464447	-0.3110092580318451	-0.46606719493865967
0.04985859990119934	0.8878728747367859	0.45737940073013306	0.08059513568878174
0.3251604735851288	-0.44742974638938904	0.8331133723258972	0.3663206100463867
0.0	0.0	0.0	1.0
6	7	66
0.977756917476654	0.20006243884563446	0.06298184394836426	-0.18941333889961243
-0.1996300220489502	0.9797831177711487	-0.013150840997695923	-0.06986421346664429
-0.0643395185470581	0.0002852976322174072	0.9979281425476074	0.23027253150939941
0.0	0.0	0.0	1.0
6	35	66
0.108186736702919	0.5760737657546997	-0.8102063536643982	1.0398828983306885
-0.32141125202178955	0.7914881706237793	0.51984703540802	-0.7200144529342651
0.940739095211029	0.20416894555091858	0.2707851231098175	1.921537160873413
0.0	0.0	0.0	1.0
6	36	66
0.5977067351341248	0.36583220958709717	-0.7133817672729492	1.043540120124817
-0.18656662106513977	0.9288603067398071	0.32001766562461853	-0.40695250034332275
0.7797048091888428	-0.05818350613117218	0.6234380006790161	1.3589200973510742
0.0	0.0	0.0	1.0
6	37	66
0.64743572473526	0.4073964059352875	-0.6440923810005188	1.1101019382476807
-0.24264398217201233	0.9113429188728333	0.3325323760509491	-0.4150620698928833
0.7224615812301636	-0.05900795757770538	0.6888883709907532	1.3686925172805786
0.0	0.0	0.0	1.0
6	38	66
0.8064931631088257	0.31682610511779785	-0.49918922781944275	0.9731773138046265
-0.19690394401550293	0.9400342702865601	0.27850306034088135	-0.3621189594268799
0.5574921369552612	-0.12631839513778687	0.8205156922340393	1.2202892303466797
0.0	0.0	0.0	1.0
6	39	66
-0.22360704839229584	0.965789794921875	0.13133928179740906	-0.8435159921646118
0.5464575290679932	0.23580347001552582	-0.8036049604415894	2.3084189891815186
-0.8070838451385498	-0.10792041569948196	-0.5804903507232666	3.5545146465301514
0.0	0.0	0.0	1.0
6	44	66
0.9998902082443237	0.0092751644551754	-0.011547166854143143	0.9191896915435791
0.014129766263067722	-0.831086277961731	0.5559633374214172	-0.45781946182250977
-0.004439992364495993	-0.5560658574104309	-0.8311260938644409	5.362039566040039
0.0	0.0	0.0	1.0
6	45	66
0.9828757643699646	-0.08664073050022125	-0.16263069212436676	0.8041377663612366
0.05592873692512512	0.9811986684799194	-0.18471789360046387	-0.2997991144657135
0.17557717859745026	0.17245882749557495	0.9692422747612	0.5877463817596436
0.0	0.0	0.0	1.0
6	46	66
0.99004065990448	0.04038060083985329	-0.134867861866951	0.520997941493988
-0.03823816403746605	0.999098539352417	0.01843932271003723	-0.2194107174873352
0.1354910135269165	-0.013098731637001038	0.990692138671875	0.6248407363891602
0.0	0.0	0.0	1.0
6	47	66
0.9995640516281128	-0.02624235302209854	0.013528432697057724	0.14519013464450836
0.0204833522439003	0.9463927149772644	0.3223680853843689	-0.09096667170524597
-0.021262995898723602	-0.32195037603378296	0.946517825126648	0.4636991024017334
0.0	0.0	0.0	1.0
6	48	66
0.9972763657569885	-0.023121938109397888	0.0700354129076004	0.011639311909675598
-0.01006212830543518	0.8980535268783569	0.43977099657058716	0.030368834733963013
-0.07306429743766785	-0.4392783045768738	0.8953750729560852	0.1681973934173584
0.0	0.0	0.0	1.0
6	49	66
0.9999053478240967	-0.001864790916442871	0.013627797365188599	-0.21656976640224457
-0.002707570791244507	0.944699227809906	0.3279269337654114	-0.05640363693237305
-0.013485632836818695	-0.32793253660202026	0.9446048140525818	0.35227060317993164
0.0	0.0	0.0	1.0
7	37	66
0.6406355500221252	0.22518706321716309	-0.7340823411941528	1.2541792392730713
-0.10181170701980591	0.9724997878074646	0.20947229862213135	-0.09788545966148376
0.7610654234886169	-0.059457555413246155	0.645944356918335	1.1991667747497559
0.0	0.0	0.0	1.0
7	38	66
0.7989950776100159	0.11572375893592834	-0.5900972485542297	1.126908302307129
-0.023518912494182587	0.9865708351135254	0.16163131594657898	-0.02190229296684265
0.6008772850036621	-0.11526438593864441	0.7909870147705078	1.037599802017212
0.0	0.0	0.0	1.0
7	39	66
0.9809653162956238	-0.12860320508480072	-0.1454935371875763	0.9453800916671753
0.15213164687156677	0.9746172428131104	0.1642475426197052	-0.09423178434371948
0.12067776918411255	-0.1832554042339325	0.9756302833557129	1.08673095703125
0.0	0.0	0.0	1.0
7	44	66
0.9655981063842773	-0.2573719024658203	0.037155233323574066	0.979460597038269
0.2561630606651306	0.9660229682922363	0.0343586727976799	0.0337369441986084
-0.044735752046108246	-0.023658812046051025	0.9987189173698425	0.44555068016052246
0.0	0.0	0.0	1.0
7	45	66
0.9385555982589722	-0.28683167695999146	-0.19193927943706512	1.0167843103408813
0.24726475775241852	0.9468306303024292	-0.2058434784412384	-0.036785006523132324
0.24077652394771576	0.14573544263839722	0.9595766067504883	0.410754919052124
0.0	0.0	0.0	1.0
7	46	66
0.9673608541488647	-0.1666477620601654	-0.19089825451374054	0.6885940432548523
0.1670411080121994	0.9858486652374268	-0.014146476984024048	0.01684945821762085
0.19055429100990295	-0.018203020095825195	0.981508195400238	0.41767358779907227
0.0	0.0	0.0	1.0
7	47	66
0.9716092348098755	-0.2105027139186859	-0.1079995334148407	0.2874716818332672
0.23438306152820587	0.9186222553253174	0.31811589002609253	0.052355289459228516
0.03224640712141991	-0.33439770340919495	0.9418802857398987	0.23065853118896484
0.0	0.0	0.0	1.0
7	48	66
0.9777175188064575	-0.20450691878795624	-0.047386109828948975	0.09488633275032043
0.2039969265460968	0.8723207116127014	0.44434431195259094	0.15182629227638245
-0.049535561352968216	-0.4441097378730774	0.8946019411087036	-0.08594155311584473
0.0	0.0	0.0	1.0
7	49	66
0.9785743355751038	-0.19542616605758667	-0.06481391191482544	-0.13385656476020813
0.20581090450286865	0.9195247888565063	0.33483728766441345	-0.00926700234413147
-0.005838051438331604	-0.34100261330604553	0.9400441646575928	0.09549069404602051
0.0	0.0	0.0	1.0
8	37	66
0.693549394607544	0.36305874586105347	-0.6222363114356995	1.7085247039794922
-0.21885010600090027	0.9290867447853088	0.2981657087802887	-0.2548710107803345
0.686363160610199	-0.07061612606048584	0.7238227128982544	0.6543616056442261
0.0	0.0	0.0	1.0
8	38	66
0.8460792303085327	0.25315332412719727	-0.46910950541496277	1.5615694522857666
-0.15888093411922455	0.9597987532615662	0.2313959300518036	-0.16253632307052612
0.5088291764259338	-0.12124688923358917	0.8522865176200867	0.4921438694000244
0.0	0.0	0.0	1.0
8	39	66
0.9993342161178589	-0.0013216286897659302	-0.03646001219749451	1.4097115993499756
0.006731867790222168	0.9888656735420227	0.1486589014530182	-0.17385481297969818
0.03585761785507202	-0.1488054394721985	0.9882161021232605	0.5623946189880371
0.0	0.0	0.0	1.0
8	44	66
0.9824022054672241	-0.11693142354488373	0.1456470489501953	1.3704047203063965
0.1197189912199974	0.9927523136138916	-0.010493393987417221	-0.000936298631131649
-0.14336463809013367	0.027745410799980164	0.9892810583114624	-0.12647128105163574
0.0	0.0	0.0	1.0
8	45	66
0.9899449348449707	-0.07344946265220642	-0.12088823318481445	1.3346822261810303
0.05334894359111786	0.9853763580322266	-0.161825492978096	-0.2621656060218811
0.13100630044937134	0.15374907851219177	0.9793868064880371	-0.1062920093536377
0.0	0.0	0.0	1.0
8	46	66
0.9962027072906494	0.019497200846672058	-0.08485487103462219	1.0477511882781982
-0.018513590097427368	0.9997525811195374	0.012361794710159302	-0.09805460274219513
0.08507472276687622	-0.010743901133537292	0.9963167309761047	-0.07984638214111328
0.0	0.0	0.0	1.0
8	47	66
0.9929392337799072	-0.09904453158378601	0.06528383493423462	0.6263254880905151
0.07556313276290894	0.9523361921310425	0.29554328322410583	0.0882427990436554
-0.09144411981105804	-0.2885235548019409	0.9530961513519287	-0.23076534271240234
0.0	0.0	0.0	1.0
8	48	66
0.9866924285888672	-0.12570489943027496	0.1031329333782196	0.482880175113678
0.07501396536827087	0.9146692752838135	0.3971819281578064	0.279219388961792
-0.14426027238368988	-0.3841596245765686	0.9119267463684082	-0.5082442760467529
0.0	0.0	0.0	1.0
8	49	66
0.9926506280899048	-0.09364931285381317	0.07665002346038818	0.2461501955986023
0.06660673022270203	0.9515947103500366	0.3000520169734955	0.11178535223007202
-0.10103927552700043	-0.29274117946624756	0.9508385062217712	-0.31017017364501953
0.0	0.0	0.0	1.0
8	50	66
0.9966715574264526	0.013407915830612183	0.0804109275341034	0.0054492950439453125
-0.010301798582077026	0.9991893768310547	-0.03891763091087341	-0.053952790796756744
-0.08086755871772766	0.03795962035655975	0.9960017204284668	0.05155754089355469
0.0	0.0	0.0	1.0
8	51	66
0.999916672706604	-0.011466369032859802	0.005913352593779564	-0.316674143075943
0.011833734810352325	0.9977264404296875	-0.06634867191314697	-0.030348658561706543
-0.005139186978340149	0.06641286611557007	0.9977790117263794	0.2485806941986084
0.0	0.0	0.0	1.0
9	10	66
0.9988479614257812	-0.047718122601509094	0.005087330937385559	-0.43083781003952026
0.04531760513782501	0.9728115797042847	0.22711977362632751	-0.09890902042388916
-0.015786558389663696	-0.22662770748138428	0.9738531112670898	0.5570359230041504
0.0	0.0	0.0	1.0
9	51	66
0.9979206919670105	-0.010246984660625458	-0.06363566964864731	0.31318196654319763
0.019280239939689636	0.989533543586731	0.1430085301399231	0.041830480098724365
0.0615042969584465	-0.1439378708600998	0.9876736402511597	-0.08299875259399414
0.0	0.0	0.0	1.0
9	52	66
0.9885786771774292	-0.11724396049976349	0.0946907326579094	-0.2866804003715515
0.10100015997886658	0.9817512631416321	0.16113269329071045	-0.007564544677734375
-0.11185456812381744	-0.14972828328609467	0.9823800325393677	0.23856043815612793
0.0	0.0	0.0	1.0
9	53	66
0.979945719242096	-0.1020246297121048	0.17116425931453705	-0.5862826704978943
0.07526777684688568	0.9848657846450806	0.15612062811851501	-0.08402037620544434
-0.1845019906759262	-0.14010676741600037	0.9727944135665894	0.5828635692596436
0.0	0.0	0.0	1.0
10	11	66
0.9830871820449829	-0.02705395221710205	-0.18113112449645996	0.1438811719417572
0.011367402970790863	0.996135950088501	-0.08708783984184265	-0.08779878169298172
0.18278717994689941	0.08355578780174255	0.979595959186554	0.4122285842895508
0.0	0.0	0.0	1.0
10	51	66
0.988542914390564	0.07658980786800385	-0.13006436824798584	0.9033230543136597
-0.08238393068313599	0.9958071708679199	-0.039761096239089966	0.0867624580860138
0.12647362053394318	0.05002082884311676	0.9907081127166748	-0.5136449337005615
0.0	0.0	0.0	1.0
10	52	66
0.9946926832199097	-0.06070883572101593	0.08307148516178131	0.161027193069458
0.06502096354961395	0.9966191649436951	-0.05022484064102173	0.0912560224533081
-0.07974154502153397	0.05535981059074402	0.9952770471572876	-0.28064537048339844
0.0	0.0	0.0	1.0
10	53	66
0.9849833250045776	-0.04712238907814026	0.16609683632850647	-0.16356633603572845
0.05952470004558563	0.9957345724105835	-0.07049676775932312	-0.004732169210910797
-0.16206631064414978	0.07932466268539429	0.9835865497589111	0.03862261772155762
0.0	0.0	0.0	1.0
10	54	66
0.9991505146026611	0.0022956691682338715	-0.04115048423409462	-0.11536858975887299
-0.010935299098491669	0.9774278998374939	-0.21098634600639343	-0.1914534866809845
0.03973722457885742	0.2112569808959961	0.9766227006912231	0.3533895015716553
0.0	0.0	0.0	1.0
11	12	66
0.9481856822967529	0.06469377875328064	-0.3110608160495758	0.07131257653236389
-0.13430112600326538	0.968891978263855	-0.20787322521209717	-0.1443774402141571
0.28793615102767944	0.23887863755226135	0.9273779988288879	0.16959786415100098
0.0	0.0	0.0	1.0
11	52	66
0.9647699594497681	-0.03932671993970871	0.26013895869255066	-0.09947462379932404
0.037062905728816986	0.9992204308509827	0.013603925704956055	0.17182083427906036
-0.2604711651802063	-0.0034830719232559204	0.9654752612113953	-0.7021725177764893
0.0	0.0	0.0	1.0
11	53	66
0.9382664561271667	-0.022406473755836487	0.34518659114837646	-0.3781246840953827
0.020591676235198975	0.9997482299804688	0.008923828601837158	0.05349668860435486
-0.34529972076416016	-0.0012649893760681152	0.9384915232658386	-0.31345701217651367
0.0	0.0	0.0	1.0
11	54	66
0.9893268346786499	0.05033721774816513	0.13674308359622955	-0.2751958966255188
-0.029591089114546776	0.9882866144180298	-0.1497136503458023	-0.042225033044815063
-0.1426776498556137	0.14406925439834595	0.9792279601097107	-0.004177093505859375
0.0	0.0	0.0	1.0
11	55	66
0.995266318321228	0.04318720102310181	-0.08706152439117432	-0.21299174427986145
-0.05043300986289978	0.9952876567840576	-0.08281947672367096	-0.05694502592086792
0.08307449519634247	0.0868183970451355	0.9927542805671692	-0.017922163009643555
0.0	0.0	0.0	1.0
12	52	66
0.8065783977508545	-0.19628271460533142	0.5575879812240601	-0.5469273328781128
0.059346988797187805	0.9653849601745605	0.2539876103401184	0.12338399887084961
-0.5881404280662537	-0.1717698872089386	0.7903072834014893	-0.7825925350189209
0.0	0.0	0.0	1.0
12	54	66
0.8945916891098022	-0.05084887519478798	0.4439823031425476	-0.42364946007728577
0.003235273063182831	0.9942163228988647	0.10734787583351135	0.012353718280792236
-0.4468730092048645	-0.09459604322910309	0.8895822167396545	-0.06637048721313477
0.0	0.0	0.0	1.0
12	55	66
0.9755393266677856	-0.06617674976587296	0.2096269726753235	-0.3230462074279785
0.0330657958984375	0.9869353771209717	0.15768584609031677	0.009692490100860596
-0.21732346713542938	-0.14689765870571136	0.9649827480316162	-0.09635496139526367
0.0	0.0	0.0	1.0
12	56	66
0.9607316851615906	0.06538501381874084	-0.26966580748558044	-0.25520777702331543
0.05288757383823395	0.9108754396438599	0.40927854180336	0.08112829923629761
0.27239280939102173	-0.4074689447879791	0.8716487288475037	-0.06280219554901123
0.0	0.0	0.0	1.0
13	14	66
0.966804027557373	0.04293516278266907	-0.25188636779785156	0.18073517084121704
-0.06893742084503174	0.9930558800697327	-0.0953277125954628	-0.07368141412734985
0.2460443079471588	0.1095276027917862	0.9630506038665771	0.10961174964904785
0.0	0.0	0.0	1.0
13	15	66
0.7996178269386292	0.2686726450920105	-0.5370541214942932	0.31801703572273254
-0.17885413765907288	0.9602954983711243	0.21411307156085968	-0.04284745454788208
0.5732565522193909	-0.07515409588813782	0.8159220218658447	0.3000451326370239
0.0	0.0	0.0	1.0
13	54	66
-0.7756352424621582	-0.10294578969478607	0.6227293610572815	-1.5473337173461914
-0.15135186910629272	-0.9274894595146179	-0.3418418765068054	1.428699016571045
0.6127663254737854	-0.3593960702419281	0.7038123607635498	1.5468555688858032
0.0	0.0	0.0	1.0
13	55	66
0.7232115268707275	-0.0924244225025177	0.684414267539978	-0.620876669883728
0.14546851813793182	0.9891579747200012	-0.02013719081878662	-0.001618415117263794
-0.6751325726509094	0.11412397027015686	0.728815495967865	0.0363154411315918
0.0	0.0	0.0	1.0
13	56	66
0.9640859961509705	-0.11756671965122223	0.23815099895000458	-0.5488103628158569
0.06792182475328445	0.9760100841522217	0.2068593055009842	0.07219108939170837
-0.2567576467990875	-0.18325446546077728	0.9489431977272034	0.04453468322753906
0.0	0.0	0.0	1.0
13	57	66
0.9747408032417297	0.07635894417762756	-0.20988020300865173	-0.38498079776763916
-0.028235554695129395	0.9743294715881348	0.22334906458854675	0.033912986516952515
0.22154729068279266	-0.2117813378572464	0.9518746733665466	0.21855783462524414
0.0	0.0	0.0	1.0
14	15	66
0.9230318069458008	0.11606839299201965	-0.36679768562316895	0.24522075057029724
-0.01341886818408966	0.9625383019447327	0.270814448595047	0.027519941329956055
0.3844897150993347	-0.2450484037399292	0.8900108933448792	0.14857172966003418
0.0	0.0	0.0	1.0
14	18	66
0.3736456036567688	0.28756117820739746	-0.8818715214729309	0.7540757656097412
-0.08704328536987305	0.9574062824249268	0.2753114104270935	-0.03768610954284668
0.9234783053398132	-0.026107877492904663	0.382761150598526	0.5968440175056458
0.0	0.0	0.0	1.0
14	56	66
0.8508040904998779	-0.2484561800956726	0.46303558349609375	-0.7647491693496704
0.09636610746383667	0.9399892091751099	0.327313095331192	0.08414679765701294
-0.5165715217590332	-0.23385830223560333	0.8236894607543945	0.1476132869720459
0.0	0.0	0.0	1.0
14	57	66
0.9958142638206482	-0.08686339855194092	0.028433389961719513	-0.537065863609314
0.07338899374008179	0.9453417062759399	0.31771552562713623	0.06315582990646362
-0.05447709560394287	-0.31429895758628845	0.9477596282958984	0.29584169387817383
0.0	0.0	0.0	1.0
15	18	66
0.7674620151519775	0.17343804240226746	-0.6171881556510925	0.5495686531066895
-0.20222079753875732	0.9790538549423218	0.023669332265853882	-0.010218977928161621
0.6083656549453735	0.10664287954568863	0.7864594459533691	0.09383440017700195
0.0	0.0	0.0	1.0
15	56	66
0.6027345061302185	-0.3611513078212738	0.7115339040756226	-0.863326370716095
0.34687069058418274	0.9216386675834656	0.17396225035190582	-0.07620388269424438
-0.7186040282249451	0.14195719361305237	0.6807763576507568	0.33449745178222656
0.0	0.0	0.0	1.0
15	57	66
0.8983442187309265	-0.2056715190410614	0.38817110657691956	-0.67680424451828
0.18084369599819183	0.9784260988235474	0.09989036619663239	-0.1222527027130127
-0.4003412127494812	-0.019537553191184998	0.9161577820777893	0.43097782135009766
0.0	0.0	0.0	1.0
15	62	66
0.1427624523639679	0.44014662504196167	-0.8865041136741638	0.8128032684326172
-0.29326191544532776	0.8742698431015015	0.38684552907943726	-0.9832038283348083
0.9453125596046448	0.20475105941295624	0.2538911998271942	2.5344066619873047
0.0	0.0	0.0	1.0
16	17	66
0.9949857592582703	-0.055746108293533325	-0.08304274827241898	0.10041582584381104
0.049470096826553345	0.9958946704864502	-0.0758049488067627	-0.09988519549369812
0.08692768216133118	0.07131677865982056	0.9936588406562805	-0.17058992385864258
0.0	0.0	0.0	1.0
16	61	66
0.9775136113166809	0.1585228592157364	-0.1390613615512848	0.027939319610595703
-0.1973409652709961	0.9201149940490723	-0.338297575712204	0.9031354784965515
0.07432452589273453	0.35813286900520325	0.9307076930999756	1.2530205249786377
0.0	0.0	0.0	1.0
17	18	66
0.9304289221763611	0.16142931580543518	-0.3290027976036072	0.17245399951934814
-0.032158076763153076	0.9302566051483154	0.3654981255531311	0.031144320964813232
0.36505913734436035	-0.3294900059700012	0.8707285523414612	0.19792985916137695
0.0	0.0	0.0	1.0
17	19	66
0.8485755920410156	0.18456071615219116	-0.4958399832248688	-0.06424969434738159
4.5806169509887695e-05	0.9371578693389893	0.34890544414520264	0.02689385414123535
0.529074490070343	-0.29609471559524536	0.7952408790588379	0.05698537826538086
0.0	0.0	0.0	1.0
17	64	66
0.5275894999504089	0.43933331966400146	-0.7270732522010803	0.6622236967086792
0.07225742936134338	0.8295741081237793	0.5537020564079285	-0.0006172657012939453
0.8464208841323853	-0.34466367959976196	0.4059298038482666	1.8053228855133057
0.0	0.0	0.0	1.0
18	19	66
0.9778154492378235	0.04808161407709122	-0.20387403666973114	-0.21589642763137817
-0.051188863813877106	0.9986388683319092	-0.009991824626922607	-0.00028833746910095215
0.20311614871025085	0.020206600427627563	0.9789460897445679	-0.05858469009399414
0.0	0.0	0.0	1.0
18	20	66
0.9333884716033936	0.0980665534734726	-0.3452092409133911	-0.4516002833843231
-0.07834199070930481	0.9944186210632324	0.07066935300827026	0.01610398292541504
0.35021278262138367	-0.03891745209693909	0.9358614087104797	-0.1868603229522705
0.0	0.0	0.0	1.0
18	62	66
0.7626919746398926	0.27553197741508484	-0.5851352214813232	1.8822646141052246
-0.16709817945957184	0.9579454660415649	0.23327919840812683	-0.618942141532898
0.6248035430908203	-0.08014547824859619	0.7766578793525696	1.6653684377670288
0.0	0.0	0.0	1.0
18	63	66
0.5564060807228088	0.3460410237312317	-0.7554258108139038	1.9910448789596558
-0.23867252469062805	0.9374005794525146	0.25360533595085144	-0.5458858609199524
0.7958943843841553	0.03919154405593872	0.60416579246521	1.7541239261627197
0.0	0.0	0.0	1.0
18	64	66
0.5094427466392517	0.34743428230285645	-0.787246823310852	1.3719308376312256
-0.20853519439697266	0.9374425411224365	0.27877283096313477	-0.5237992405891418
0.8348538875579834	0.022150039672851562	0.5500256419181824	1.711674451828003
0.0	0.0	0.0	1.0
19	20	66
0.9899927377700806	0.038960933685302734	-0.13563254475593567	-0.3093329966068268
-0.03179718554019928	0.9980024099349976	0.0545906126499176	0.0563734769821167
0.13748866319656372	-0.04973146319389343	0.9892541170120239	-0.07828521728515625
0.0	0.0	0.0	1.0
19	21	66
0.9944868087768555	0.028671294450759888	-0.10086506605148315	-0.6571887731552124
-0.015274852514266968	0.9912431836128235	0.13116134703159332	0.11216713488101959
0.1037425622344017	-0.12889762222766876	0.9862163662910461	-0.29222655296325684
0.0	0.0	0.0	1.0
19	64	66
0.8189862966537476	0.06715208292007446	-0.5698698163032532	1.9616544246673584
0.014423489570617676	0.9904056787490845	0.13743546605110168	-0.08532482385635376
0.5736314058303833	-0.12077733874320984	0.8101601600646973	1.0898213386535645
0.0	0.0	0.0	1.0
19	65	66
0.7432260513305664	0.20257768034934998	-0.6376341581344604	1.1782068014144897
