1	2	60
0.8623667359352112	-0.11190208792686462	0.4937632083892822	-0.2173405885696411
0.08305537700653076	0.993323802947998	0.08006012439727783	-0.02729332447052002
-0.4994257092475891	-0.02803151309490204	0.8659033179283142	0.3080143928527832
0.0	0.0	0.0	1.0
2	3	60
0.8356996178627014	-0.13868579268455505	0.5313875079154968	-0.5854406356811523
0.137477308511734	0.9896110892295837	0.04206967353820801	0.0033119458239525557
-0.5317014455795288	0.037896156311035156	0.8460835814476013	0.14341115951538086
0.0	0.0	0.0	1.0
2	5	60
0.7080166935920715	-0.14522168040275574	0.6911026835441589	-1.0480966567993164
0.10132794082164764	0.9893922209739685	0.10409361124038696	-0.08373867720365524
-0.6988883018493652	-0.003672003746032715	0.7152212858200073	0.23934626579284668
0.0	0.0	0.0	1.0
2	7	60
0.8412647843360901	-0.09856899082660675	0.5315617918968201	-0.92301344871521
0.11145297437906265	0.9937384128570557	0.0078829824924469	-0.11573125422000885
-0.5290103554725647	0.052612364292144775	0.8469827771186829	0.3499889373779297
0.0	0.0	0.0	1.0
3	4	60
0.9547618627548218	-0.030151620507240295	0.2958393096923828	-0.3958492875099182
0.0003478489816188812	0.9949590563774109	0.10028240084648132	0.04816265404224396
-0.29737168550491333	-0.09564298391342163	0.9499591588973999	-0.35971856117248535
0.0	0.0	0.0	1.0
3	5	60
0.976115345954895	0.01595824956893921	0.21666646003723145	-0.4649703800678253
-0.026056118309497833	0.9986991882324219	0.0438288152217865	-0.038927920162677765
-0.21568521857261658	-0.04842761158943176	0.9752612709999084	-0.1674346923828125
0.0	0.0	0.0	1.0
3	6	60
0.986710786819458	0.05098700523376465	0.15428003668785095	-0.45933598279953003
-0.016572266817092896	0.9761193990707397	-0.21660199761390686	-0.10785111784934998
-0.16163963079452515	0.21116647124290466	0.9639923572540283	-0.016147136688232422
0.0	0.0	0.0	1.0
3	7	60
0.9994617104530334	0.025605089962482452	-0.02050178498029709	-0.3654724359512329
-0.026244714856147766	0.9991570711135864	-0.03156256675720215	-0.07603073865175247
0.01967637985944748	0.032083719968795776	0.9992914199829102	-0.013759136199951172
0.0	0.0	0.0	1.0
3	38	60
0.3948511481285095	-0.5000342130661011	0.770751953125	-2.204106569290161
0.33662769198417664	0.8593172430992126	0.3850397765636444	-0.5540501475334167
-0.8548535108566284	0.10742306709289551	0.5076276659965515	1.4878690242767334
0.0	0.0	0.0	1.0
3	39	60
0.0491977334022522	-0.31435176730155945	0.9480307102203369	-2.185694694519043
0.24883265793323517	0.9231090545654297	0.29317545890808105	-0.6334706544876099
-0.9672960042953491	0.22147782146930695	0.12363584339618683	1.6340696811676025
0.0	0.0	0.0	1.0
3	40	60
0.043681204319000244	-0.4533064365386963	0.8902837038040161	-1.8967373371124268
0.2393074929714203	0.8699386119842529	0.43120577931404114	-0.6368446946144104
-0.9699609875679016	0.19421586394309998	0.14647938311100006	1.758460521697998
0.0	0.0	0.0	1.0
3	41	60
-0.1342453509569168	-0.507905125617981	0.8508880138397217	-1.6539499759674072
0.2240685224533081	0.8208634853363037	0.5253347158432007	-0.7669795751571655
-0.9652829766273499	0.2611810564994812	0.0036083608865737915	1.7354193925857544
0.0	0.0	0.0	1.0
3	45	60
-0.15966452658176422	-0.010141551494598389	0.9871193170547485	-2.03214693069458
0.24651958048343658	0.9678566455841064	0.04981747269630432	-0.7258392572402954
-0.9558953046798706	0.25129812955856323	-0.15203213691711426	1.6813991069793701
0.0	0.0	0.0	1.0
3	46	60
0.048776134848594666	-0.2365279644727707	0.9703994393348694	-2.401245355606079
0.22687482833862305	0.9487841725349426	0.21985578536987305	-0.7653061151504517
-0.9727016091346741	0.20943552255630493	0.09994038939476013	1.6420741081237793
0.0	0.0	0.0	1.0
3	47	60
-0.1115759015083313	-0.4727829694747925	0.8740864396095276	-1.733403205871582
0.22016671299934387	0.8459597229957581	0.4856733977794647	-0.6728460788726807
-0.9690600037574768	0.2466338872909546	0.009702444076538086	1.7073200941085815
0.0	0.0	0.0	1.0
4	5	60
0.995525062084198	0.028201166540384293	-0.0901917964220047	-0.10591238737106323
-0.033411163836717606	0.9978267550468445	-0.05678737163543701	-0.10052503645420074
0.08839437365531921	0.05954667925834656	0.9943040013313293	0.15892505645751953
0.0	0.0	0.0	1.0
4	6	60
0.9886003136634827	-0.021605633199214935	-0.14900682866573334	-0.13419900834560394
-0.026262536644935608	0.9497353434562683	-0.31195035576820374	-0.1922551989555359
0.14825698733329773	0.3123073875904083	0.9383410215377808	0.2986440658569336
0.0	0.0	0.0	1.0
4	7	60
0.9456946849822998	0.017680242657661438	-0.3245749771595001	-0.05716133117675781
-0.061508066952228546	0.9902137517929077	-0.12527352571487427	-0.1568964123725891
0.3191837966442108	0.138434499502182	0.9375274181365967	0.3299400806427002
0.0	0.0	0.0	1.0
4	38	60
0.6467931866645813	-0.49748989939689636	0.5780677199363708	-2.259267568588257
0.39278000593185425	0.8669947981834412	0.3066660165786743	-0.695229172706604
-0.6537448763847351	0.02870386838912964	0.7561703324317932	1.1259273290634155
0.0	0.0	0.0	1.0
4	39	60
0.34151777625083923	-0.36287200450897217	0.8670002222061157	-2.294520378112793
0.34139445424079895	0.9073511362075806	0.24528264999389648	-0.7992613315582275
-0.8756800293922424	0.21222072839736938	0.43375900387763977	1.2784799337387085
0.0	0.0	0.0	1.0
4	40	60
0.33770716190338135	-0.48861607909202576	0.8044923543930054	-2.057398557662964
0.3337380290031433	0.8613340854644775	0.38304403424263	-0.8240184783935547
-0.8800981640815735	0.1391330063343048	0.453948438167572	1.4753470420837402
0.0	0.0	0.0	1.0
4	41	60
0.158485546708107	-0.5504554510116577	0.8196835517883301	-1.8375957012176514
0.30592989921569824	0.8166970014572144	0.4892984628677368	-0.9550187587738037
-0.9387701749801636	0.1732187569141388	0.2978355884552002	1.5451509952545166
0.0	0.0	0.0	1.0
4	46	60
0.35416892170906067	-0.2760448455810547	0.893511950969696	-2.5043365955352783
0.31502676010131836	0.9348170161247253	0.16393603384494781	-0.8940199613571167
-0.8805239200592041	0.22341930866241455	0.4180445671081543	1.1800665855407715
0.0	0.0	0.0	1.0
4	47	60
0.18766188621520996	-0.5177866220474243	0.8346737623214722	-1.8948332071304321
0.29981061816215515	0.839413583278656	0.4533195495605469	-0.8637209534645081
-0.9353594183921814	0.1651729941368103	0.31276389956474304	1.489396572113037
0.0	0.0	0.0	1.0
5	6	60
0.9986823797225952	-0.02839159220457077	-0.042745888233184814	-0.060673635452985764
0.016785189509391785	0.9679126739501953	-0.2507251799106598	-0.09995728731155396
0.04849275201559067	0.2496776580810547	0.9671141505241394	0.14270234107971191
0.0	0.0	0.0	1.0
5	7	60
0.9723196625709534	0.00369194895029068	-0.233625590801239	0.051534026861190796
-0.019556615501642227	0.9976527690887451	-0.0656263530254364	-0.06699821352958679
0.23283490538597107	0.06837862730026245	0.9701094031333923	0.1629335880279541
0.0	0.0	0.0	1.0
5	38	60
0.5680932998657227	-0.5295790433883667	0.6299338936805725	-2.0435869693756104
0.37874194979667664	0.847807765007019	0.3711824417114258	-0.6116868257522583
-0.7306332588195801	0.027716100215911865	0.682207465171814	1.1918902397155762
0.0	0.0	0.0	1.0
5	39	60
0.25372135639190674	-0.3693658113479614	0.8939767479896545	-2.0650076866149902
0.2929984927177429	0.910146951675415	0.2928902804851532	-0.6845496892929077
-0.9218336939811707	0.18762129545211792	0.33914726972579956	1.3536664247512817
0.0	0.0	0.0	1.0
5	40	60
0.2608567178249359	-0.5023924112319946	0.82435142993927	-1.8013486862182617
0.29273706674575806	0.8548749089241028	0.42836129665374756	-0.6927114129066467
-0.9199230670928955	0.12957745790481567	0.3700689673423767	1.5023508071899414
0.0	0.0	0.0	1.0
5	45	60
0.04255923628807068	-0.08230125904083252	0.9956984519958496	-1.921370506286621
0.2839006781578064	0.9565152525901794	0.06692758202552795	-0.7916514277458191
-0.9579088091850281	0.27983081340789795	0.06407375633716583	1.440422534942627
0.0	0.0	0.0	1.0
5	46	60
0.26610028743743896	-0.29152539372444153	0.9188060760498047	-2.273383617401123
0.26543179154396057	0.9384835362434387	0.22089579701423645	-0.8235049247741699
-0.9266806840896606	0.18509939312934875	0.3271104097366333	1.288881778717041
0.0	0.0	0.0	1.0
6	7	60
0.9806895852088928	0.01730305701494217	-0.1948060393333435	0.13603441417217255
0.01802188530564308	0.9838452339172363	0.1781122088432312	0.04940667748451233
0.1947409212589264	-0.17818352580070496	0.9645345211029053	0.014279365539550781
0.0	0.0	0.0	1.0
6	46	60
0.20192112028598785	-0.2870326340198517	0.9363973140716553	-2.192422389984131
0.03759324550628662	0.9576584100723267	0.28544312715530396	-0.3975521922111511
-0.9786798357963562	-0.022435009479522705	0.204162135720253	1.4485976696014404
0.0	0.0	0.0	1.0
7	38	60
0.3831867277622223	-0.5253374576568604	0.7597293257713318	-1.770097255706787
0.3204042315483093	0.8470385670661926	0.42410674691200256	-0.49082881212234497
-0.8663192987442017	0.08090835809707642	0.49289432168006897	1.5233519077301025
0.0	0.0	0.0	1.0
7	46	60
0.053669095039367676	-0.2574711740016937	0.9647943377494812	-1.9670687913894653
0.1922859251499176	0.9507688879966736	0.24303171038627625	-0.6841299533843994
-0.979870080947876	0.17247310280799866	0.10053511708974838	1.6546725034713745
0.0	0.0	0.0	1.0
8	9	60
0.8483372330665588	0.20218420028686523	-0.4893316626548767	-0.045249223709106445
-0.20366394519805908	0.9777175188064575	0.0508931502699852	-0.31883132457733154
0.488717645406723	0.056484807282686234	0.8706115484237671	0.7700339555740356
0.0	0.0	0.0	1.0
8	35	60
0.9925423264503479	0.015133397653698921	-0.12095661461353302	-1.4286221265792847
0.0019008094677701592	0.9902218580245972	0.1394888311624527	-0.34450042247772217
0.12188489735126495	-0.1386784166097641	0.9828084707260132	-0.08731198310852051
0.0	0.0	0.0	1.0
8	36	60
0.9132734537124634	-0.2633795142173767	0.3107457160949707	-1.591050386428833
0.24798010289669037	0.9646838903427124	0.08883239328861237	-0.565096914768219
-0.32316797971725464	-0.004069432616233826	0.9463328123092651	0.4494234323501587
0.0	0.0	0.0	1.0
8	37	60
0.7941016554832458	-0.4318400025367737	0.4276880919933319	-1.4458585977554321
0.31380340456962585	0.8939476013183594	0.31997746229171753	-0.6268527507781982
-0.5205097198486328	-0.11988446116447449	0.8453978300094604	1.0236618518829346
0.0	0.0	0.0	1.0
8	38	60
-0.10559341311454773	-0.5604676008224487	0.8214171528816223	-1.0130085945129395
0.44435110688209534	0.7123846411705017	0.5431944727897644	-0.7713929414749146
-0.8896079063415527	0.4223553538322449	0.17382103204727173	1.416279673576355
0.0	0.0	0.0	1.0
9	10	60
0.833541989326477	0.15235571563243866	-0.5310322046279907	0.3119714856147766
-0.22946953773498535	0.9698611497879028	-0.08193233609199524	-0.1814568191766739
0.5025448203086853	0.19014976918697357	0.8433810472488403	0.4380732774734497
0.0	0.0	0.0	1.0
9	11	60
0.8181785345077515	-0.16157574951648712	-0.5517941117286682	0.3815382719039917
-0.1973312497138977	0.8224987983703613	-0.5334380269050598	0.06771093606948853
0.5400406718254089	0.5453338623046875	0.6410670876502991	0.526434063911438
0.0	0.0	0.0	1.0
9	32	60
0.6558253169059753	-0.19481448829174042	0.7293424606323242	-1.8640241622924805
0.4405229985713959	0.8833376169204712	-0.16017067432403564	-0.18271899223327637
-0.6130520701408386	0.4263361990451813	0.6651350855827332	-0.5302067995071411
0.0	0.0	0.0	1.0
9	33	60
0.9514053463935852	-0.17530234158039093	0.25317493081092834	-1.6990067958831787
0.22711187601089478	0.9546669125556946	-0.19243687391281128	-0.26562005281448364
-0.2079632580280304	0.24058449268341064	0.9480881690979004	-0.46293163299560547
0.0	0.0	0.0	1.0
9	35	60
0.8543672561645508	-0.2777230441570282	0.4392339587211609	-1.7114017009735107
0.22077576816082	0.9591275453567505	0.17700877785682678	-0.3703320026397705
-0.47044074535369873	-0.054258182644844055	0.8807620406150818	0.04569137096405029
0.0	0.0	0.0	1.0
9	36	60
0.5644500851631165	-0.4148855209350586	0.7136290073394775	-1.4160382747650146
0.40177804231643677	0.8932832479476929	0.2015427052974701	-0.5628829598426819
-0.7210900783538818	0.1729598045349121	0.670905590057373	0.46918344497680664
0.0	0.0	0.0	1.0
9	37	60
0.36554422974586487	-0.609370231628418	0.7035946846008301	-0.9868764281272888
0.4175652265548706	0.7829341292381287	0.4611437916755676	-0.5975992679595947
-0.8318756222724915	0.1252284049987793	0.5406486988067627	0.8903515338897705
0.0	0.0	0.0	1.0
10	11	60
0.9987973570823669	-0.040082529187202454	-0.02824416756629944	0.06945958733558655
0.026237616315484047	0.9234888553619385	-0.38272663950920105	0.03352522850036621
0.041423797607421875	0.3815252482891083	0.9234297871589661	-0.01738762855529785
0.0	0.0	0.0	1.0
10	12	60
0.9419023990631104	-0.046250708401203156	-0.3326864540576935	0.1667425036430359
-0.05513719841837883	0.9557474255561829	-0.2889743447303772	-0.08480238914489746
0.3313296437263489	0.29052895307540894	0.8976709842681885	0.3500617742538452
0.0	0.0	0.0	1.0
10	32	60
0.08998128771781921	-0.14357110857963562	0.9855408072471619	-2.3348724842071533
0.3001132607460022	0.9474673271179199	0.11062394827604294	-0.6337845325469971
-0.9496500492095947	0.2858198583126068	0.12834182381629944	0.5472677946090698
0.0	0.0	0.0	1.0
10	33	60
0.5114368200302124	-0.3133561611175537	0.8001503944396973	-2.1111562252044678
0.4148859977722168	0.9054690599441528	0.08941605687141418	-0.8701752424240112
-0.7525305151939392	0.28624051809310913	0.5930973291397095	0.6099674701690674
0.0	0.0	0.0	1.0
10	35	60
0.3959619998931885	-0.48026788234710693	0.7826600670814514	-1.8393843173980713
0.28897935152053833	0.8741899728775024	0.39023399353027344	-0.5597586631774902
-0.8716105222702026	0.07165488600730896	0.4849337637424469	0.8104024529457092
0.0	0.0	0.0	1.0
10	36	60
0.022342562675476074	-0.4764977693557739	0.8788918256759644	-1.308034896850586
0.3374952971935272	0.8310995101928711	0.44200727343559265	-0.6511632204055786
-0.9410618543624878	0.2867462635040283	0.17938467860221863	0.9464234709739685
0.0	0.0	0.0	1.0
11	12	60
0.9545662999153137	-0.013518247753381729	-0.29769206047058105	0.1003807783126831
0.035298869013786316	0.997066855430603	0.06791077554225922	0.07284015417098999
0.29590076208114624	-0.07533383369445801	0.9522435069084167	0.3777141571044922
0.0	0.0	0.0	1.0
11	32	60
-0.38435226678848267	-0.22727881371974945	0.8947725296020508	-2.317570686340332
0.14859887957572937	0.9413526058197021	0.3029416799545288	-0.8978585004806519
-0.9111487865447998	0.2493983954191208	-0.32803773880004883	2.024812936782837
0.0	0.0	0.0	1.0
11	33	60
-0.42141276597976685	-0.1721806526184082	-0.8903733491897583	2.9711828231811523
-0.8231553435325623	0.48463431000709534	0.2958797216415405	0.18442408740520477
0.38056087493896484	0.8576031923294067	-0.3459625840187073	2.017338514328003
0.0	0.0	0.0	1.0
13	14	60
0.9093872308731079	0.06745338439941406	-0.41044479608535767	0.03238743543624878
-0.04959246516227722	0.9973071813583374	0.05402149632573128	-0.09118212014436722
0.41298338770866394	-0.028771445155143738	0.9102837443351746	0.4463242292404175
0.0	0.0	0.0	1.0
13	15	60
0.8973040580749512	0.18522825837135315	-0.4006690979003906	-0.007970571517944336
-0.08002421259880066	0.9609180688858032	0.2650146484375	-0.09636309742927551
0.43409839272499084	-0.20573565363883972	0.8770585060119629	0.5630693435668945
0.0	0.0	0.0	1.0
13	16	60
0.8864603638648987	0.14097361266613007	-0.4408109188079834	-0.24074232578277588
-0.04729175567626953	0.975084662437439	0.21673451364040375	-0.13950972259044647
0.46038174629211426	-0.17128020524978638	0.8710408210754395	0.9356751441955566
0.0	0.0	0.0	1.0
14	15	60
0.9993144273757935	0.03671640157699585	-0.0047743916511535645	-0.010650962591171265
-0.03508549928665161	0.9802418947219849	0.19466647505760193	0.02118435502052307
0.011827617883682251	-0.1943652182817459	0.9808579683303833	0.11850190162658691
0.0	0.0	0.0	1.0
14	16	60
0.9997943639755249	0.006102517247200012	-0.019328057765960693	-0.10952818393707275
-0.0033468902111053467	0.9902145862579346	0.13951343297958374	-0.04907548427581787
0.019990086555480957	-0.13942021131515503	0.9900315999984741	0.5528690814971924
0.0	0.0	0.0	1.0
15	16	60
0.999504566192627	-0.02950957417488098	-0.010946214199066162	-0.08803050220012665
0.028901711106300354	0.9982253313064575	-0.05207081139087677	-0.15838009119033813
0.012463390827178955	0.05172854661941528	0.9985834360122681	0.4104123115539551
0.0	0.0	0.0	1.0
15	57	60
0.8132139444351196	-0.06050586700439453	0.5788103938102722	-2.2835323810577393
0.2425147444009781	0.939342200756073	-0.24253296852111816	-0.4401753842830658
-0.5290263891220093	0.33760175108909607	0.7785601019859314	0.26204800605773926
0.0	0.0	0.0	1.0
16	24	60
0.9819946885108948	0.1046389490365982	-0.1572801172733307	-0.2217632234096527
-0.01300279051065445	0.8680393695831299	0.4963250756263733	-0.47891759872436523
0.18846023082733154	-0.4853437542915344	0.8537706136703491	1.3561286926269531
0.0	0.0	0.0	1.0
16	55	60
0.6810134053230286	-0.18124814331531525	0.7094852328300476	-1.8341495990753174
0.21412810683250427	0.9758251905441284	0.04375326633453369	-0.2497490495443344
-0.7002637982368469	0.12212410569190979	0.7033606767654419	0.21356117725372314
0.0	0.0	0.0	1.0
16	56	60
0.7579624652862549	0.0291801318526268	0.6516454219818115	-1.7870070934295654
0.16544795036315918	0.9577306509017944	-0.2353275716304779	-0.21970263123512268
-0.6309677362442017	0.2861824035644531	0.7210960388183594	0.086570143699646
0.0	0.0	0.0	1.0
16	57	60
0.8049447536468506	-0.03795355558395386	0.5921343564987183	-2.2195699214935303
0.2044828236103058	0.9545620679855347	-0.21678853034973145	-0.23941707611083984
-0.5570015907287598	0.295584499835968	0.7761306166648865	-0.0939568281173706
0.0	0.0	0.0	1.0
16	58	60
0.4390328526496887	-0.04167166352272034	0.8975040912628174	-2.729469060897827
0.22979705035686493	0.970906674861908	-0.06733015179634094	-0.44473159313201904
-0.8685872554779053	0.2358037680387497	0.43583592772483826	0.32551515102386475
0.0	0.0	0.0	1.0
17	18	60
0.9954060912132263	0.0717521607875824	-0.06338930130004883	-0.3045886754989624
-0.07141412794589996	0.9974178075790405	0.0075858235359191895	-0.17581892013549805
0.06376993656158447	-0.003024071455001831	0.997960090637207	0.2983137369155884
0.0	0.0	0.0	1.0
17	19	60
0.9992554783821106	0.03857147693634033	-0.0010299384593963623	-0.5857667922973633
-0.0385429710149765	0.9990536570549011	0.020173698663711548	-0.28175538778305054
0.0018069148063659668	-0.020119041204452515	0.9997960329055786	0.49829697608947754
0.0	0.0	0.0	1.0
17	20	60
0.8692896962165833	-0.2237212061882019	0.44077709317207336	-0.5557682514190674
0.19955302774906158	0.9746533632278442	0.10114213824272156	-0.15155848860740662
-0.4522325396537781	3.618001937866211e-05	0.8919003009796143	0.4548320770263672
0.0	0.0	0.0	1.0
17	21	60
0.800476610660553	-0.37255704402923584	0.4695091247558594	-0.5331218838691711
0.17667177319526672	0.8952059745788574	0.40913715958595276	-0.3079927861690521
-0.5727342963218689	-0.2445557415485382	0.7824116945266724	0.5262061953544617
0.0	0.0	0.0	1.0
17	22	60
0.781501829624176	-0.39448991417884827	0.4833555221557617	-0.6094112396240234
0.24070997536182404	0.9053918719291687	0.3497481048107147	-0.2668609023094177
-0.5755983591079712	-0.1569799780845642	0.8025232553482056	0.6175655722618103
0.0	0.0	0.0	1.0
17	54	60
0.9581443071365356	-0.14689721167087555	0.24572469294071198	-1.478994607925415
0.09199497103691101	0.9707812070846558	0.22163212299346924	0.354321151971817
-0.2711019217967987	-0.18975016474723816	0.9436622858047485	-0.9507455825805664
0.0	0.0	0.0	1.0
17	55	60
0.939252495765686	-0.06460918486118317	0.3370912969112396	-1.525275707244873
0.0882125049829483	0.9945732355117798	-0.055163949728012085	0.18116050958633423
-0.33169785141944885	0.08154842257499695	0.9398545026779175	-1.0689306259155273
0.0	0.0	0.0	1.0
17	56	60
0.9753925204277039	0.04241764545440674	0.2163565307855606	-1.3669418096542358
0.02688877284526825	0.951106607913971	-0.30769017338752747	0.16519537568092346
-0.21882964670658112	0.3059362471103668	0.926561713218689	-1.1843026876449585
0.0	0.0	0.0	1.0
17	57	60
0.986175537109375	-0.032504767179489136	0.16248393058776855	-1.7336552143096924
0.07794474065303802	0.9563115239143372	-0.28176748752593994	0.20034490525722504
-0.14622628688812256	0.2905372381210327	0.9456244707107544	-1.5107189416885376
0.0	0.0	0.0	1.0
17	58	60
0.7998550534248352	-0.022010862827301025	0.5997896790504456	-2.393324136734009
0.12255695462226868	0.9842613935470581	-0.12731695175170898	-0.10016746819019318
-0.5875475406646729	0.17534321546554565	0.7899638414382935	-1.368859052658081
0.0	0.0	0.0	1.0
18	19	60
0.9935629963874817	-0.05028630793094635	0.10150951147079468	-0.29372256994247437
0.051584213972091675	0.9986165761947632	-0.01019972562789917	-0.11187423020601273
-0.10085619986057281	0.015370398759841919	0.9947823882102966	0.2237054705619812
0.0	0.0	0.0	1.0
18	20	60
0.8243603706359863	-0.2931297719478607	0.4842572808265686	-0.23476389050483704
0.26400288939476013	0.9558340311050415	0.12916645407676697	0.01093023270368576
-0.5007323026657104	0.021365344524383545	0.8653386235237122	0.18562614917755127
0.0	0.0	0.0	1.0
18	21	60
-0.4587717652320862	-0.3022598624229431	0.8355640172958374	-0.6937573552131653
-0.5485262870788574	0.8361321687698364	0.0012935250997543335	0.04629306122660637
-0.6990330219268799	-0.45773541927337646	-0.549391508102417	1.2678297758102417
0.0	0.0	0.0	1.0
18	22	60
0.779300332069397	-0.39836499094963074	0.48373115062713623	-0.2541768550872803
0.23672209680080414	0.9018779993057251	0.3613560199737549	-0.11008758097887039
-0.5802181959152222	-0.16709482669830322	0.7971360683441162	0.33474475145339966
0.0	0.0	0.0	1.0
18	23	60
0.966549277305603	-0.17293864488601685	0.18940770626068115	-0.3689059317111969
0.10008484125137329	0.9342511296272278	0.34228411316871643	-0.22688141465187073
-0.23614852130413055	-0.3118775486946106	0.9203077554702759	0.4668998122215271
0.0	0.0	0.0	1.0
18	54	60
0.9258231520652771	-0.1972506046295166	0.32240307331085205	-1.32451593875885
0.11748048663139343	0.9609466791152954	0.25055941939353943	0.43924668431282043
-0.3592349886894226	-0.19409741461277008	0.9128397703170776	-1.1529569625854492
0.0	0.0	0.0	1.0
18	55	60
0.9097632169723511	-0.10607518255710602	0.40134647488594055	-1.3315573930740356
0.12223610281944275	0.9923908114433289	-0.01479494571685791	0.23044103384017944
-0.39672303199768066	0.06251892447471619	0.9158070087432861	-1.2885552644729614
0.0	0.0	0.0	1.0
18	56	60
0.9510424733161926	-0.01511576771736145	0.3086906373500824	-1.2121644020080566
0.10790707170963287	0.9521870613098145	-0.2858235538005829	0.2444649040699005
-0.28961092233657837	0.30514049530029297	0.9072014689445496	-1.3992923498153687
0.0	0.0	0.0	1.0
18	57	60
0.9661239385604858	-0.03938168287277222	0.2550557255744934	-1.6346704959869385
0.11700723320245743	0.9477193355560303	-0.2968796491622925	0.37762153148651123
-0.23002955317497253	0.3166658580303192	0.9202224016189575	-1.665480136871338
0.0	0.0	0.0	1.0
18	58	60
0.7491339445114136	-0.0356500968337059	0.6614583134651184	-2.229038953781128
0.18399417400360107	0.9704559445381165	-0.15607842803001404	0.15628346800804138
-0.6363521218299866	0.23862844705581665	0.7335614562034607	-1.5123786926269531
0.0	0.0	0.0	1.0
19	20	60
0.6779696345329285	-0.11134952306747437	0.7266073822975159	-0.2933254539966583
-0.0281553715467453	0.9838018417358398	0.17703422904014587	0.006022557616233826
-0.734550416469574	-0.1404818594455719	0.6638525724411011	0.14176762104034424
0.0	0.0	0.0	1.0
19	22	60
0.8400394916534424	-0.36218374967575073	0.4039255976676941	0.0352817177772522
0.20824390649795532	0.9027568101882935	0.3763831853866577	-0.01590849459171295
-0.5009665489196777	-0.23206156492233276	0.8337743878364563	0.11898839473724365
0.0	0.0	0.0	1.0
19	23	60
0.9899941682815552	-0.07652506977319717	0.11855590343475342	-0.10275700688362122
0.03517477586865425	0.947486400604248	0.31785517930984497	-0.09403078258037567
-0.13665398955345154	-0.31050440669059753	0.9406979084014893	0.22089380025863647
0.0	0.0	0.0	1.0
19	54	60
0.9549899697303772	-0.13708990812301636	0.26306045055389404	-0.9234327077865601
0.07260632514953613	0.9678553342819214	0.24079957604408264	0.5967730283737183
-0.28761565685272217	-0.21086134016513824	0.9342457056045532	-1.4542791843414307
0.0	0.0	0.0	1.0
19	55	60
0.9475774168968201	-0.060993798077106476	0.3136514723300934	-0.8829089999198914
0.07243841886520386	0.9970609545707703	-0.024953216314315796	0.3829408288002014
-0.3112075924873352	0.046365201473236084	0.9492102861404419	-1.6080715656280518
0.0	0.0	0.0	1.0
19	56	60
0.9751154780387878	-0.01296040415763855	0.2213180959224701	-0.7793135046958923
0.07452668249607086	0.9593559503555298	-0.27218097448349	0.3345849812030792
-0.20879510045051575	0.2819018065929413	0.9364488124847412	-1.7092463970184326
0.0	0.0	0.0	1.0
19	57	60
0.9875603914260864	-0.017600998282432556	0.15625151991844177	-1.1457335948944092
0.06056216359138489	0.9596281051635742	-0.2746749222278595	0.4698938727378845
-0.1451088786125183	0.28072094917297363	0.9487566351890564	-2.0186126232147217
0.0	0.0	0.0	1.0
19	58	60
0.7587519884109497	0.059257879853248596	0.6486786603927612	-1.9928117990493774
0.17415834963321686	0.9411436319351196	-0.28968632221221924	0.7238396406173706
-0.6276657581329346	0.3327728509902954	0.703774094581604	-1.6525205373764038
0.0	0.0	0.0	1.0
20	21	60
0.9900010228157043	-0.07518770545721054	0.1193515807390213	-0.027784429490566254
0.04676780477166176	0.9732000231742859	0.22515425086021423	-0.10779894888401031
-0.13308176398277283	-0.21732120215892792	0.9669854044914246	0.04436582326889038
0.0	0.0	0.0	1.0
20	22	60
0.9907611012458801	-0.0771072581410408	0.11156787723302841	-0.12392634898424149
0.04892021790146828	0.9704536199569702	0.23627638816833496	-0.10393179208040237
-0.12649013102054596	-0.22863546013832092	0.9652596116065979	0.10138624906539917
0.0	0.0	0.0	1.0
20	23	60
-0.9372291564941406	0.3393374979496002	0.08032426238059998	-0.18114468455314636
0.11068624258041382	0.507920503616333	-0.8542628288269043	0.5991790890693665
-0.33068162202835083	-0.7917492389678955	-0.5135980844497681	1.2671364545822144
0.0	0.0	0.0	1.0
20	54	60
0.9538174867630005	-0.12270785868167877	0.2741807997226715	-1.1839919090270996
0.08201336860656738	0.9844601154327393	0.155281662940979	0.5162278413772583
-0.2889742851257324	-0.12562382221221924	0.9490587711334229	-1.145006775856018
0.0	0.0	0.0	1.0
20	55	60
0.991064190864563	0.13170409202575684	0.0211150124669075	-0.43652355670928955
-0.11891572177410126	0.9441170692443848	-0.30741068720817566	0.9502465724945068
-0.06042233482003212	0.30215299129486084	0.9513426423072815	-1.4772303104400635
0.0	0.0	0.0	1.0
20	56	60
0.9723460078239441	0.2283983826637268	-0.04875902086496353	-0.5973724722862244
-0.23322007060050964	0.9385865926742554	-0.25428932905197144	0.257647305727005
-0.012314710766077042	0.2586290240287781	0.9658982753753662	-1.5413687229156494
0.0	0.0	0.0	1.0
20	57	60
0.9655138254165649	0.15557801723480225	-0.20875491201877594	-0.5010251998901367
-0.24026569724082947	0.8412761688232422	-0.48427993059158325	1.196540355682373
0.1002771183848381	0.5177357792854309	0.8496434688568115	-1.9320471286773682
0.0	0.0	0.0	1.0
20	58	60
0.9449783563613892	0.09801250696182251	-0.31210482120513916	0.7539224028587341
-0.2914196252822876	0.6856822371482849	-0.6670190095901489	1.9814465045928955
0.14862851798534393	0.7212719917297363	0.6765177249908447	-1.7722232341766357
0.0	0.0	0.0	1.0
21	22	60
0.9963915944099426	-0.05556509643793106	-0.06415688991546631	-0.07719393819570541
0.05645188316702843	0.9983320832252502	0.01209169626235962	-0.0038415109738707542
0.0633779913187027	-0.015669822692871094	0.9978665709495544	0.04519033432006836
0.0	0.0	0.0	1.0
21	54	60
0.27235668897628784	0.8038980960845947	-0.5287439823150635	0.7258382439613342
-0.7013340592384338	0.542075514793396	0.4629092812538147	-0.47756409645080566
0.6587508320808411	0.2447497546672821	0.711438775062561	0.031141161918640137
0.0	0.0	0.0	1.0
21	55	60
0.9077333211898804	0.14302727580070496	-0.3944157063961029	0.6545534729957581
-0.3888697624206543	0.6397034525871277	-0.6629934310913086	1.8357685804367065
0.15748298168182373	0.7551972270011902	0.6362990736961365	-0.7113950848579407
0.0	0.0	0.0	1.0
21	56	60
0.9984577298164368	0.03522887080907822	0.04290664941072464	-0.5203925371170044
-0.015110073611140251	0.9161360263824463	-0.40058279037475586	0.4787180721759796
-0.05342041328549385	0.399316668510437	0.9152554273605347	-1.574618935585022
0.0	0.0	0.0	1.0
21	57	60
0.8954050540924072	0.13398924469947815	-0.42461398243904114	0.2146930992603302
-0.37369275093078613	0.7446414232254028	-0.5530490875244141	1.4877519607543945
0.24208247661590576	0.6538779139518738	0.716826319694519	-1.8014898300170898
0.0	0.0	0.0	1.0
21	58	60
-0.11053670942783356	-0.2727271318435669	0.9557204842567444	-2.986752510070801
-0.9857599139213562	0.1526952087879181	-0.07043741643428802	0.18312481045722961
-0.12672364711761475	-0.9498968720436096	-0.2857218384742737	1.956025242805481
0.0	0.0	0.0	1.0
22	23	60
-0.330538809299469	0.8740686178207397	0.35601702332496643	-0.6352567076683044
-0.1336919665336609	0.33005279302597046	-0.9344472289085388	0.6115817427635193
-0.9342753887176514	-0.3564678132534027	0.007760584354400635	0.7075459957122803
0.0	0.0	0.0	1.0
22	54	60
0.8730344176292419	0.17429138720035553	-0.45544856786727905	0.7003905177116394
-0.24983195960521698	0.9619307518005371	-0.11078235507011414	1.265629768371582
0.4188017249107361	0.21050259470939636	0.883342444896698	-1.1766037940979004
0.0	0.0	0.0	1.0
22	55	60
0.953376054763794	0.09132073819637299	-0.28763699531555176	0.34448307752609253
-0.20485351979732513	0.895722508430481	-0.3946097195148468	1.1846699714660645
0.22160691022872925	0.4351343512535095	0.8726676106452942	-1.5683103799819946
0.0	0.0	0.0	1.0
22	56	60
0.9266578555107117	0.0037534236907958984	-0.375887393951416	0.39952003955841064
-0.22592878341674805	0.8047515153884888	-0.548936128616333	1.0396977663040161
0.3004356324672699	0.5935996770858765	0.7465773224830627	-1.6686406135559082
0.0	0.0	0.0	1.0
22	57	60
0.8851226568222046	0.04562196880578995	-0.46311676502227783	0.3667454719543457
-0.29989704489707947	0.8168900012969971	-0.4926995635032654	1.28500497341156
0.35583749413490295	0.5749865770339966	0.7367293834686279	-2.0728697776794434
0.0	0.0	0.0	1.0
22	58	60
0.9988256096839905	0.0243985578417778	0.04186008870601654	-0.37413012981414795
-0.0010555833578109741	0.874709963798523	-0.48464667797088623	1.19383704662323
-0.048440076410770416	0.4840332269668579	0.8737079501152039	-2.3780367374420166
0.0	0.0	0.0	1.0
23	24	60
0.7179827690124512	0.5251813530921936	-0.45682114362716675	0.07182854413986206
-0.4185965657234192	0.8501355051994324	0.3194471001625061	0.0642845630645752
0.5561274886131287	-0.038133859634399414	0.8302217125892639	-0.020123422145843506
0.0	0.0	0.0	1.0
23	54	60
0.9421198964118958	0.03233557567000389	0.3337128758430481	-0.8890761733055115
0.18515940010547638	0.7796052694320679	-0.5982732772827148	2.186331272125244
-0.27950987219810486	0.6254355907440186	0.7284945845603943	-0.23670333623886108
0.0	0.0	0.0	1.0
23	55	60
0.9444645047187805	0.23766838014125824	0.2269371747970581	-0.5701957941055298
-0.029678568243980408	0.7494603991508484	-0.6613836288452148	1.8894340991973877
-0.3272704482078552	0.6179181933403015	0.7148924469947815	-1.0493512153625488
0.0	0.0	0.0	1.0
23	56	60
-0.8654645681381226	0.33505797386169434	0.3724335730075836	-0.9212387204170227
-0.432765394449234	-0.1255401372909546	-0.8927225470542908	2.5156989097595215
-0.25235846638679504	-0.933796226978302	0.2536522150039673	0.6574674248695374
0.0	0.0	0.0	1.0
23	57	60
-0.3464536666870117	0.7297496199607849	0.5894365906715393	-1.8973990678787231
-0.3954823315143585	0.4561542272567749	-0.7971934080123901	2.4495911598205566
-0.8506255149841309	-0.5093022584915161	0.13056707382202148	1.1948984861373901
0.0	0.0	0.0	1.0
23	58	60
0.8583813905715942	0.3104311227798462	0.408428817987442	-1.3037410974502563
0.06672684848308563	0.7218152284622192	-0.6888617277145386	1.9773893356323242
-0.5086541771888733	0.6185591220855713	0.598878800868988	-1.574914813041687
0.0	0.0	0.0	1.0
24	25	60
0.9324953556060791	0.1562420129776001	-0.3256385326385498	-0.19353961944580078
-0.2433682382106781	0.9379947781562805	-0.24685534834861755	0.0010076910257339478
0.2668780982494354	0.3094415068626404	0.9127002954483032	-0.09401059150695801
0.0	0.0	0.0	1.0
25	26	60
0.945900559425354	0.20752662420272827	-0.24940916895866394	-0.13876262307167053
-0.20813637971878052	0.9777995347976685	0.02422936260700226	0.05485743284225464
0.24890029430389404	0.02899259328842163	0.9680950045585632	-0.13505768775939941
0.0	0.0	0.0	1.0
26	27	60
0.9740302562713623	0.08271664381027222	-0.21076682209968567	-0.10981565713882446
-0.09050384163856506	0.9955147504806519	-0.027556106448173523	0.06468254327774048
0.20754221081733704	0.045915812253952026	0.9771478176116943	-0.09046435356140137
0.0	0.0	0.0	1.0
26	28	60
0.9064875841140747	0.08198854327201843	-0.41419586539268494	-0.18460530042648315
-0.13304826617240906	0.9864574074745178	-0.09591653198003769	0.03143942356109619
0.4007224142551422	0.14205524325370789	0.9051198959350586	-0.2228848934173584
0.0	0.0	0.0	1.0
26	50	60
0.98701411485672	-0.13937604427337646	-0.07986024022102356	-1.6863465309143066
0.14384222030639648	0.9881706237792969	0.05318047106266022	0.1732027530670166
0.07150357961654663	-0.06397737562656403	0.9953863024711609	-0.4653501510620117
0.0	0.0	0.0	1.0
26	51	60
0.8527523279190063	-0.27281278371810913	0.4454062581062317	-1.780707836151123
0.28720200061798096	0.9571776390075684	0.03641223907470703	0.13019320368766785
-0.43626677989959717	0.09687105566263199	0.8945877552032471	-0.38422536849975586
0.0	0.0	0.0	1.0
27	28	60
0.9781837463378906	0.02045862376689911	-0.20673179626464844	-0.10811969637870789
-0.04457554221153259	0.9926305413246155	-0.11268295347690582	0.016909539699554443
0.20290295779705048	0.1194397360086441	0.9718870520591736	-0.07926130294799805
0.0	0.0	0.0	1.0
27	50	60
0.9488940238952637	-0.24683940410614014	0.19664865732192993	-1.8551944494247437
0.23978134989738464	0.9690134525299072	0.05931255221366882	0.06014150381088257
-0.20519576966762543	-0.009128540754318237	0.9786784052848816	0.10244441032409668
0.0	0.0	0.0	1.0
27	51	60
0.6705348491668701	-0.3418734073638916	0.6584113836288452	-1.869222640991211
0.34073200821876526	0.9302679300308228	0.13602617383003235	-0.12651929259300232
-0.6590027213096619	0.13313154876232147	0.7402642965316772	0.11280560493469238
0.0	0.0	0.0	1.0
28	50	60
0.9926499128341675	-0.09907113015651703	-0.06950392574071884	-0.17499254643917084
0.11751730740070343	0.9262725114822388	0.3580625057220459	-0.47798192501068115
0.02890598401427269	-0.36359846591949463	0.9311069250106812	-0.020705699920654297
0.0	0.0	0.0	1.0
28	51	60
0.5044476389884949	-0.2603874206542969	0.8232439756393433	-1.7476935386657715
0.24122992157936096	0.9579793810844421	0.15518826246261597	0.03729495406150818
-0.829059898853302	0.1203065812587738	0.5460638999938965	0.6981415748596191
0.0	0.0	0.0	1.0
29	41	60
-0.05541470646858215	0.367506206035614	-0.9283686876296997	2.701218605041504
0.5950741171836853	0.7587762475013733	0.26485055685043335	-0.7379066944122314
0.8017581105232239	-0.5377715229988098	-0.260740727186203	2.8057808876037598
0.0	0.0	0.0	1.0
29	42	60
0.5761013031005859	-0.7573068141937256	0.30756106972694397	-0.5303837060928345
0.6598404049873352	0.20881178975105286	-0.7218092083930969	2.1666245460510254
0.48240864276885986	0.6187764406204224	0.6199983358383179	0.6765501499176025
0.0	0.0	0.0	1.0
29	43	60
0.6257245540618896	-0.768661379814148	-0.132772296667099	1.5944736003875732
0.41307762265205383	0.47090739011764526	-0.7794956564903259	2.2759315967559814
0.6616916060447693	0.4329044222831726	0.6121749877929688	0.28394246101379395
0.0	0.0	0.0	1.0
29	45	60
-0.31835806369781494	-0.01644003391265869	-0.9478279948234558	2.638519525527954
-0.010100454092025757	-0.9997339248657227	0.0207328200340271	0.9994771480560303
-0.9479169845581055	0.016173958778381348	0.31810712814331055	1.6517128944396973
0.0	0.0	0.0	1.0
29	47	60
-0.5958249568939209	0.6662173867225647	-0.44849395751953125	2.0766682624816895
0.1664612591266632	0.6487618088722229	0.7425622344017029	-1.2471673488616943
0.7856737375259399	0.3677801191806793	-0.4974480867385864	3.2466089725494385
0.0	0.0	0.0	1.0
29	48	60
-0.4289606511592865	0.8035639524459839	-0.41264790296554565	1.6526538133621216
0.10648521780967712	0.49860772490501404	0.8602621555328369	-0.997196614742279
0.8970252275466919	0.32507777214050293	-0.29945069551467896	3.169527769088745
0.0	0.0	0.0	1.0
29	49	60
-0.9784809947013855	0.021277278661727905	-0.20523734390735626	1.3874973058700562
-0.1522165685892105	-0.7459558248519897	0.6483671069145203	-0.4916868805885315
-0.13930261135101318	0.6656553745269775	0.7331424355506897	1.9034336805343628
0.0	0.0	0.0	1.0
29	50	60
0.5947046279907227	-0.31841161847114563	0.7382010221481323	-1.4673824310302734
0.21468721330165863	0.9477773308753967	0.23585398495197296	0.16032224893569946
-0.7747487425804138	0.018218889832496643	0.6320063471794128	1.107178807258606
0.0	0.0	0.0	1.0
31	32	60
0.9100286960601807	0.19195131957530975	-0.36742720007896423	-0.076224684715271
-0.1160808801651001	0.9688735604286194	0.2186547964811325	-0.0721643716096878
0.39796125888824463	-0.1563308835029602	0.9039844274520874	-0.10829013586044312
0.0	0.0	0.0	1.0
32	33	60
0.8696231245994568	0.11809872090816498	-0.47938272356987	-0.11594152450561523
-0.07259329408407211	0.9910019636154175	0.11245108395814896	0.0497051477432251
0.488349586725235	-0.06299009174108505	0.8703716993331909	0.08618426322937012
0.0	0.0	0.0	1.0
32	35	60
0.9501243233680725	0.19132064282894135	-0.2462923526763916	-0.1981215476989746
-0.0750855952501297	0.9068252444267273	0.4147661328315735	0.056246042251586914
0.30269742012023926	-0.3755865693092346	0.8759621381759644	0.5187289714813232
0.0	0.0	0.0	1.0
32	36	60
0.9954851269721985	-0.07601451128721237	0.05684316158294678	-0.322784960269928
0.0521317794919014	0.9383216500282288	0.3418106436729431	-0.026597440242767334
-0.0793197751045227	-0.33730411529541016	0.9380481243133545	1.058007836341858
0.0	0.0	0.0	1.0
33	34	60
0.9415153861045837	0.2107272893190384	-0.26295021176338196	-0.04245523363351822
-0.11563542485237122	0.935001015663147	0.33526313304901123	0.08724462985992432
0.3165077567100525	-0.285249263048172	0.9046854376792908	0.0983651876449585
0.0	0.0	0.0	1.0
33	35	60
0.9818904399871826	-0.06106661260128021	0.17933763563632965	0.14264190196990967
0.002109559252858162	0.9500905871391296	0.31196674704551697	-0.005424141883850098
-0.1894378960132599	-0.3059389591217041	0.9330136775970459	0.404624342918396
0.0	0.0	0.0	1.0
33	36	60
0.8287805318832397	-0.26998379826545715	0.4901343584060669	0.2259817123413086
0.16359901428222656	0.9545434713363647	0.2491636872291565	-0.12865036725997925
-0.5351245999336243	-0.12631647288799286	0.8352756500244141	0.9211698770523071
0.0	0.0	0.0	1.0
34	35	60
0.8493210673332214	-0.3009665608406067	0.4336735010147095	0.27728819847106934
0.29768940806388855	0.9515244364738464	0.07734666764736176	-0.16035866737365723
-0.4359293580055237	0.06340812146663666	0.8977444767951965	0.19142591953277588
0.0	0.0	0.0	1.0
35	36	60
0.9201202988624573	-0.2182769477367401	0.32516735792160034	0.03496542572975159
0.2445724755525589	0.968730628490448	-0.041777074337005615	-0.2915332019329071
-0.3058805465698242	0.11796703934669495	0.9447330832481384	0.464870810508728
0.0	0.0	0.0	1.0
35	37	60
0.7781713604927063	-0.4261929988861084	0.46131157875061035	0.17071953415870667
0.361144095659256	0.9045804738998413	0.22651457786560059	-0.4658015966415405
-0.5138323307037354	-0.009667128324508667	0.8578360676765442	1.0340979099273682
0.0	0.0	0.0	1.0
36	37	60
0.9738501310348511	-0.10550655424594879	0.2012072503566742	-0.0903286337852478
0.06304652243852615	0.9763463735580444	0.20681710541248322	-0.1104310154914856
-0.21826857328414917	-0.18872345983982086	0.9574666619300842	0.592470645904541
0.0	0.0	0.0	1.0
37	38	60
0.518598198890686	-0.4378756582736969	0.7343844175338745	0.07759010791778564
0.5467731356620789	0.8301717042922974	0.1088753193616867	-0.3718340992927551
