0	2	38
-0.0858115553855896	-0.033562660217285156	-0.9957458972930908	1.2550389766693115
0.22001296281814575	0.97412109375	-0.0517941415309906	0.444114089012146
0.9717154502868652	-0.22352169454097748	-0.0762067437171936	2.629784345626831
0.0	0.0	0.0	1.0
0	6	38
0.8323048949241638	0.15365716814994812	-0.5325962901115417	0.842743992805481
-0.08083022385835648	0.9841851592063904	0.1576271802186966	-0.06967270374298096
0.5483935475349426	-0.08814392983913422	0.8315621018409729	1.823217749595642
0.0	0.0	0.0	1.0
0	7	38
0.34120598435401917	0.1022733747959137	-0.9344080686569214	1.612705945968628
0.02169116586446762	0.9929417967796326	0.1166008859872818	-0.1831660270690918
0.9397380352020264	-0.06005323678255081	0.33657917380332947	2.920311689376831
0.0	0.0	0.0	1.0
0	11	38
-0.9576317071914673	0.26397255063056946	-0.1151500716805458	-0.09603098034858704
-0.2802547216415405	-0.7620896100997925	0.583674967288971	-0.31228089332580566
0.0663195326924324	0.5912172794342041	0.8037808537483215	0.27820897102355957
0.0	0.0	0.0	1.0
0	24	38
0.7190261483192444	0.41587743163108826	-0.5568192005157471	1.1154624223709106
-0.3907349109649658	0.9044840335845947	0.17098189890384674	0.08420199155807495
0.5747416019439697	0.09462837129831314	0.8128454685211182	1.0380661487579346
0.0	0.0	0.0	1.0
0	26	38
0.3308102488517761	0.9295331239700317	-0.16288883984088898	0.32601454854011536
0.905078113079071	-0.2636374235153198	0.333659827709198	0.7351518869400024
0.26720431447029114	-0.25780537724494934	-0.9285141825675964	5.7282819747924805
0.0	0.0	0.0	1.0
1	5	38
0.8251582384109497	0.07784627377986908	-0.5595123171806335	0.9159559011459351
-0.03275206685066223	0.995386004447937	0.09018820524215698	-0.07501257956027985
0.5639515519142151	-0.05609437823295593	0.8239004611968994	2.5919692516326904
0.0	0.0	0.0	1.0
1	7	38
0.25816935300827026	0.03083673119544983	-0.9656075239181519	1.7777903079986572
0.03501144051551819	0.9985353946685791	0.041249096393585205	-0.15563631057739258
0.9654650688171387	-0.044456541538238525	0.2567116618156433	2.7277584075927734
0.0	0.0	0.0	1.0
1	26	38
0.5959478616714478	-0.23764678835868835	0.7670527696609497	-1.593519926071167
0.07072064280509949	0.9670271873474121	0.2446572482585907	-0.11146718263626099
-0.7999027967453003	-0.09155651926994324	0.5931043028831482	0.40624022483825684
0.0	0.0	0.0	1.0
2	6	38
0.5871527791023254	0.14665824174880981	-0.7960797548294067	1.3875070810317993
-0.07012751698493958	0.9889689683914185	0.13047079741954803	-0.2326340675354004
0.806432843208313	-0.020779289305210114	0.590960681438446	1.7097854614257812
0.0	0.0	0.0	1.0
2	7	38
0.29178375005722046	0.07791391015052795	-0.9533054828643799	1.8038815259933472
-0.04328027367591858	0.9967310428619385	0.06821606308221817	-0.3124110698699951
0.9555044174194336	0.021354995667934418	0.29420211911201477	1.7888705730438232
0.0	0.0	0.0	1.0
2	9	38
-0.21151646971702576	0.13613790273666382	-0.9678468704223633	2.4115853309631348
-0.031576499342918396	0.9887831807136536	0.14598354697227478	-0.43806132674217224
0.9768641591072083	0.061438918113708496	-0.20484499633312225	1.69957435131073
0.0	0.0	0.0	1.0
2	28	38
0.9668830633163452	0.08372053503990173	-0.24109724164009094	1.4894875288009644
-0.05731135606765747	0.9917629957199097	0.11454984545707703	-0.0514906644821167
0.24870134890079498	-0.09693826735019684	0.9637169241905212	-0.40030932426452637
0.0	0.0	0.0	1.0
2	30	38
0.13506069779396057	-0.9802646636962891	0.14435942471027374	-1.0815712213516235
0.8437631726264954	0.037405937910079956	-0.5354104042053223	0.3672662079334259
0.5194441676139832	0.19411811232566833	0.8321633338928223	0.34387779235839844
0.0	0.0	0.0	1.0
3	5	38
0.8560366630554199	0.09283643960952759	-0.5085102915763855	0.7612873315811157
-0.04997508227825165	0.9939956665039062	0.09734001755714417	-0.16958753764629364
0.5144938826560974	-0.05791373550891876	0.8555362224578857	0.9790542125701904
0.0	0.0	0.0	1.0
3	6	38
0.6014557480812073	0.13190868496894836	-0.7879413366317749	1.1756467819213867
-0.07221944630146027	0.9912142157554626	0.11081123352050781	-0.19046145677566528
0.7956352829933167	-0.009743556380271912	0.605697751045227	0.9856078624725342
0.0	0.0	0.0	1.0
3	7	38
0.31149008870124817	0.038343995809555054	-0.9494755268096924	1.582822561264038
-0.02996349334716797	0.9990849494934082	0.03051730990409851	-0.23983274400234222
0.949776828289032	0.018943488597869873	0.31235432624816895	1.0331885814666748
0.0	0.0	0.0	1.0
3	8	38
0.19305545091629028	0.02163754403591156	-0.980949342250824	1.8408944606781006
-0.0735979676246643	0.9972596168518066	0.007512860000133514	-0.3023817539215088
0.9784237742424011	0.0707455575466156	0.19411885738372803	0.846824049949646
0.0	0.0	0.0	1.0
3	30	38
0.09196114540100098	0.967432975769043	-0.2358313798904419	0.531975269317627
-0.9937595725059509	0.07415086030960083	-0.08332811295986176	1.3048534393310547
-0.06312736868858337	0.24202269315719604	0.9682148694992065	-0.009717345237731934
0.0	0.0	0.0	1.0
4	7	38
0.5134096145629883	0.10154713690280914	-0.8521139621734619	1.1688820123672485
-0.12680885195732117	0.9910503029823303	0.04170038178563118	-0.23993121087551117
0.8487224578857422	0.08664623647928238	0.5216919779777527	0.2409583330154419
0.0	0.0	0.0	1.0
4	8	38
0.36977213621139526	0.031222015619277954	-0.9285979270935059	1.4398113489151
-0.11488579213619232	0.9933023452758789	-0.012350231409072876	-0.224899023771286
0.9219925999641418	0.11124934256076813	0.3708823621273041	0.08420658111572266
0.0	0.0	0.0	1.0
5	9	38
0.36935949325561523	-0.03299961984157562	-0.9287006258964539	1.2815651893615723
0.026255548000335693	0.9993411302566528	-0.02506730705499649	-0.055044353008270264
0.9289155006408691	-0.015124738216400146	0.36998265981674194	-0.7768975496292114
0.0	0.0	0.0	1.0
6	9	38
0.6909849643707275	0.0291377454996109	-0.7222814559936523	0.5814083814620972
-0.05949923396110535	0.9980893135070801	-0.016656987369060516	-0.04106554388999939
0.720416247844696	0.05448487401008606	0.6913986206054688	-0.889428973197937
0.0	0.0	0.0	1.0
6	10	38
0.6607072949409485	0.06179022789001465	-0.7480959296226501	0.5048582553863525
-0.13058549165725708	0.9908710718154907	-0.03348863124847412	0.10157424211502075
0.7391973733901978	0.1198166012763977	0.66274493932724	-0.9550602436065674
0.0	0.0	0.0	1.0
8	9	38
0.9368322491645813	-0.011050403118133545	-0.3496035635471344	0.11351335048675537
0.03501531481742859	0.9974428415298462	0.062302760779857635	-0.003506183624267578
0.34802111983299255	-0.07060874998569489	0.934823751449585	-0.35010313987731934
0.0	0.0	0.0	1.0
8	10	38
0.8674073219299316	0.015079677104949951	-0.49737030267715454	0.3442149758338928
0.02280774712562561	0.9972854256629944	0.07001274824142456	0.01918274164199829
0.49707603454589844	-0.07207362353801727	0.864708662033081	-0.3099181652069092
0.0	0.0	0.0	1.0
9	11	38
0.9524571299552917	0.03330793231725693	-0.3028469383716583	0.35599204897880554
0.010686591267585754	0.9897422194480896	0.14246399700641632	-0.1018223762512207
0.304485559463501	-0.13892735540866852	0.942331075668335	0.7050049304962158
0.0	0.0	0.0	1.0
9	27	38
0.20850344002246857	-0.39449626207351685	0.8949297666549683	-2.186570405960083
0.49219387769699097	0.833046555519104	0.2525446116924286	0.1949215829372406
-0.8451460599899292	0.3878225088119507	0.36786162853240967	1.2099145650863647
0.0	0.0	0.0	1.0
9	28	38
-0.08469997346401215	-0.17304854094982147	0.9812647104263306	-1.9591240882873535
0.11158111691474915	0.9769617319107056	0.18192090094089508	0.03301149606704712
-0.9901391267776489	0.12489920854568481	-0.06343953311443329	1.7802135944366455
0.0	0.0	0.0	1.0
10	27	38
0.08471366763114929	-0.2457905411720276	0.9656140208244324	-2.145646333694458
0.24632412195205688	0.9441839456558228	0.2187255471944809	0.0809999406337738
-0.9654780626296997	0.21932527422904968	0.1405293494462967	1.6867074966430664
0.0	0.0	0.0	1.0
10	28	38
-0.2974000573158264	-0.1852511763572693	0.9366081953048706	-1.9152438640594482
0.13096541166305542	0.9638067483901978	0.23221607506275177	-0.09299212694168091
-0.9457277655601501	0.19172434508800507	-0.2623746395111084	2.407965898513794
0.0	0.0	0.0	1.0
13	16	38
0.8081344366073608	-0.19053977727890015	-0.557327389717102	0.5844099521636963
0.228346586227417	0.9735783934593201	-0.001741835381835699	0.25693589448928833
0.5429338216781616	-0.1258559226989746	0.8302910327911377	1.0074553489685059
0.0	0.0	0.0	1.0
13	17	38
-0.8320706486701965	0.42366039752960205	0.3580087721347809	-1.0481258630752563
0.24811533093452454	-0.2929779887199402	0.9233648180961609	-2.3400447368621826
0.496081680059433	0.8571321964263916	0.13866187632083893	1.8246608972549438
0.0	0.0	0.0	1.0
13	18	38
0.46434590220451355	0.2281273454427719	-0.855769157409668	1.719118356704712
-0.8650696277618408	-0.09028592705726624	-0.49346041679382324	1.2804908752441406
-0.18983566761016846	0.9694361686706543	0.1554219126701355	1.831921100616455
0.0	0.0	0.0	1.0
14	18	38
0.8104825019836426	0.18229033052921295	-0.5566760301589966	0.20537316799163818
-0.1044701486825943	0.9800910353660583	0.16884149610996246	-0.2084537148475647
0.5763712525367737	-0.07868700474500656	0.8133906126022339	1.3475896120071411
0.0	0.0	0.0	1.0
15	18	38
0.8632620573043823	0.13415412604808807	-0.4866020679473877	0.1629607081413269
-0.08728798478841782	0.9891864657402039	0.11786039173603058	-0.1747889220714569
0.4971514642238617	-0.059269893914461136	0.8656371235847473	1.2097790241241455
0.0	0.0	0.0	1.0
17	20	38
0.2528912425041199	0.02197974920272827	-0.9672450423240662	0.979047417640686
-0.05903800576925278	0.9982292652130127	0.0072480738162994385	0.05408555269241333
0.9656918048858643	0.055271174758672714	0.25374114513397217	1.811802864074707
0.0	0.0	0.0	1.0
19	21	38
-0.723975658416748	0.1429322361946106	0.6748557090759277	-2.5320029258728027
0.06811118125915527	0.9883295893669128	-0.13625624775886536	0.5093119144439697
-0.6864551305770874	-0.05268098786473274	-0.7252615094184875	5.249686241149902
0.0	0.0	0.0	1.0
20	22	38
0.7464123368263245	0.09410642087459564	-0.6587964296340942	0.2565118074417114
-0.02918875589966774	0.9936277866363525	0.10886484384536743	0.054423511028289795
0.6648433804512024	-0.06202849745750427	0.7444028854370117	-0.3124408721923828
0.0	0.0	0.0	1.0
21	23	38
0.9062881469726562	0.10748744010925293	-0.4087647795677185	0.012790858745574951
-0.05118846893310547	0.9879170656204224	0.14628785848617554	0.0967525839805603
0.41954970359802246	-0.11165498197078705	0.9008394479751587	-0.14871811866760254
0.0	0.0	0.0	1.0
21	24	38
0.7451692819595337	0.14707422256469727	-0.6504554152488708	0.13309085369110107
-0.04501432180404663	0.984246015548706	0.1709786057472229	0.05533754825592041
0.6653545498847961	-0.09812802076339722	0.740050196647644	0.4132235050201416
0.0	0.0	0.0	1.0
21	25	38
0.8846876621246338	-0.046133965253829956	-0.46389633417129517	-0.11588943004608154
0.08527882397174835	0.9943157434463501	0.06374987959861755	0.20605561137199402
0.4583183526992798	-0.09595920145511627	0.8835929036140442	0.3875223398208618
0.0	0.0	0.0	1.0
22	25	38
0.8415963649749756	0.144329234957695	-0.520465612411499	0.49143731594085693
-0.05644840747117996	0.9818617105484009	0.1810005009174347	-0.13775259256362915
0.5371490716934204	-0.12295001745223999	0.8344785571098328	0.953567385673523
0.0	0.0	0.0	1.0
22	26	38
0.4405669867992401	0.24680788815021515	-0.8631262183189392	0.6438974142074585
-0.12731429934501648	0.9689246416091919	0.21207544207572937	-0.19870078563690186
0.8886461853981018	0.016454756259918213	0.45829835534095764	1.628326416015625
0.0	0.0	0.0	1.0
23	26	38
0.6736627221107483	0.2170632779598236	-0.706443190574646	0.7435950636863708
-0.14811301231384277	0.9761549234390259	0.1586952805519104	-0.44912803173065186
0.7240450382232666	-0.0022735595703125	0.6897490620613098	1.3961093425750732
0.0	0.0	0.0	1.0
23	27	38
0.21740862727165222	0.22087755799293518	-0.9507609009742737	0.7093449234962463
-0.30889374017715454	0.939566969871521	0.14764291048049927	-0.4657089114189148
0.925914466381073	0.2615852952003479	0.2724980413913727	1.8586833477020264
0.0	0.0	0.0	1.0
24	26	38
0.8554913997650146	0.16530030965805054	-0.4907238185405731	0.6626461744308472
-0.15326455235481262	0.986047625541687	0.06496042013168335	-0.2588290870189667
0.49461498856544495	0.019637584686279297	0.8688902854919434	0.7399834394454956
0.0	0.0	0.0	1.0
24	27	38
0.6504658460617065	0.22808894515037537	-0.724478542804718	0.6944122910499573
-0.23043692111968994	0.9681487083435059	0.09790870547294617	-0.34632396697998047
0.7237350940704346	0.10326024889945984	0.6823083162307739	1.0740180015563965
0.0	0.0	0.0	1.0
24	33	38
0.720361053943634	-0.1971229910850525	0.6649985313415527	-0.6415497064590454
0.2795635461807251	0.9599534273147583	-0.01828255131840706	-0.8744200468063354
-0.6347633600234985	0.19907930493354797	0.7466211318969727	2.526881217956543
0.0	0.0	0.0	1.0
24	34	38
0.3279431164264679	0.47359398007392883	-0.8174117207527161	3.001483917236328
0.9144775867462158	-0.37624526023864746	0.14889588952064514	-1.497448205947876
-0.2370309978723526	-0.7963342070579529	-0.5564782619476318	4.500109672546387
0.0	0.0	0.0	1.0
24	35	38
0.6061771512031555	-0.11797741800546646	0.7865307331085205	-1.0179593563079834
-0.17892754077911377	-0.9838148355484009	-0.00967041403055191	-0.4752970337867737
0.7749412655830383	-0.13486987352371216	-0.6174756288528442	4.128264904022217
0.0	0.0	0.0	1.0
24	36	38
0.8136306405067444	0.2583423852920532	0.520830512046814	-0.6822642087936401
-0.2331797331571579	0.9656446576118469	-0.11471062898635864	-0.6525489091873169
-0.5325716733932495	-0.028115088120102882	0.8459177613258362	1.927759051322937
0.0	0.0	0.0	1.0
24	37	38
0.05111923813819885	0.46046075224876404	-0.8862069249153137	3.3040382862091064
0.8357570767402649	-0.5054954886436462	-0.2144394814968109	-0.4241024851799011
-0.5467148423194885	-0.7296915650367737	-0.4106740355491638	4.123062610626221
0.0	0.0	0.0	1.0
25	27	38
0.7747220396995544	0.175638809800148	-0.6074185967445374	0.4311831593513489
-0.15178659558296204	0.9842156171798706	0.09099817276000977	-0.26359084248542786
0.613813579082489	0.021700024604797363	0.7891529202461243	0.8066294193267822
0.0	0.0	0.0	1.0
25	30	38
-0.9036810994148254	-0.0615505576133728	0.42375895380973816	-0.053139448165893555
-0.11757995933294296	0.9872443675994873	-0.10734749585390091	0.5293228626251221
-0.4117463231086731	-0.14683343470096588	-0.899391233921051	5.877959251403809
0.0	0.0	0.0	1.0
25	31	38
-0.18159756064414978	-0.1689411997795105	0.9687523245811462	-1.6898874044418335
0.9442221522331238	0.2452474981546402	0.21976813673973083	-0.47402918338775635
-0.2747119665145874	0.9546267986297607	0.11498156189918518	2.0942282676696777
0.0	0.0	0.0	1.0
25	32	38
0.7484860420227051	-0.08347766846418381	0.6578755378723145	-0.06428873538970947
0.11905692517757416	0.9928425550460815	-0.009473122656345367	-0.7386441230773926
-0.6523759365081787	0.08541503548622131	0.7530670166015625	2.580500602722168
0.0	0.0	0.0	1.0
25	33	38
0.5595132112503052	-0.14249515533447266	0.8164801597595215	-0.6204193830490112
0.21532990038394928	0.9762744903564453	0.022822849452495575	-0.7203832864761353
-0.8003607392311096	0.16304299235343933	0.5769221186637878	2.5106000900268555
0.0	0.0	0.0	1.0
25	34	38
0.3114917278289795	-0.07250604778528214	0.9474786520004272	-0.9743560552597046
0.3548629581928253	0.933824896812439	-0.0452030748128891	-0.7505649328231812
-0.8815016150474548	0.3503055274486542	0.31660836935043335	2.6880180835723877
0.0	0.0	0.0	1.0
25	35	38
0.3237266540527344	0.026644155383110046	0.9457755088806152	-1.0075618028640747
0.31899315118789673	0.9380050301551819	-0.13561244308948517	-0.7288298010826111
-0.8907553553581238	0.34559717774391174	0.2951577603816986	2.70559024810791
0.0	0.0	0.0	1.0
25	36	38
0.4407491981983185	0.08468953520059586	0.8936261534690857	-1.0150339603424072
0.2157289832830429	0.9563671946525574	-0.19703614711761475	-0.8005204200744629
-0.8713213801383972	0.2796245813369751	0.40324804186820984	2.6780948638916016
0.0	0.0	0.0	1.0
25	37	38
0.4092957377433777	-0.07667563855648041	0.909174382686615	-1.0120476484298706
0.18805035948753357	0.982157826423645	-0.0018264725804328918	-0.7413160800933838
-0.8928125500679016	0.17171801626682281	0.41641178727149963	2.6187238693237305
0.0	0.0	0.0	1.0
28	29	38
0.9634006023406982	-0.14668969810009003	0.22436834871768951	-0.3161821663379669
-0.19952347874641418	0.1665802001953125	0.9656299352645874	-3.1131184101104736
-0.17902342975139618	-0.9750555157661438	0.13121525943279266	3.1289830207824707
0.0	0.0	0.0	1.0
28	30	38
-0.40650707483291626	0.031020566821098328	0.9131205081939697	-1.9358923435211182
-0.9125342965126038	-0.06309840083122253	-0.40410280227661133	0.46220993995666504
0.045080751180648804	-0.9975249767303467	0.0539572536945343	2.490840435028076
0.0	0.0	0.0	1.0
29	31	38
0.8193050026893616	-0.056424375623464584	0.5705747604370117	0.133722186088562
-0.04812958836555481	0.9848654866218567	0.16650457680225372	0.06410086154937744
-0.5713345408439636	-0.1638794094324112	0.8041895627975464	1.0514687299728394
0.0	0.0	0.0	1.0
30	32	38
0.6223175525665283	-0.05741337686777115	0.7806560397148132	-0.408164381980896
0.0560416504740715	0.9980150461196899	0.02872432768344879	-0.04038238152861595
-0.7807557582855225	0.02587367407977581	0.6243001222610474	1.0667803287506104
0.0	0.0	0.0	1.0
30	33	38
0.3915833830833435	-0.1006196141242981	0.9146243333816528	-0.9660414457321167
0.10642626881599426	0.9922845363616943	0.06359834969043732	-0.00201345793902874
-0.9139668941497803	0.07243602722883224	0.3992709815502167	1.1435984373092651
0.0	0.0	0.0	1.0
30	34	38
0.1785043627023697	-0.012133978307247162	0.983864426612854	-1.2692553997039795
0.11899156868457794	0.9928514957427979	-0.009343810379505157	-0.025658026337623596
-0.9767177700996399	0.11873933672904968	0.1786721646785736	1.3578788042068481
0.0	0.0	0.0	1.0
30	35	38
0.16447971761226654	0.11917427182197571	0.9791547656059265	-1.309169888496399
0.12465044856071472	0.9822049736976624	-0.14048436284065247	0.019000954926013947
-0.9784726500511169	0.1451587677001953	0.14669755101203918	1.3542059659957886
0.0	0.0	0.0	1.0
30	36	38
0.2705594003200531	0.16698119044303894	0.9481112957000732	-1.3421484231948853
0.1191503256559372	0.9714623689651489	-0.20509526133537292	0.01904052495956421
-0.9553014636039734	0.1684582680463791	0.24294233322143555	1.3891849517822266
0.0	0.0	0.0	1.0
30	37	38
0.21060939133167267	-0.023899555206298828	0.9772780537605286	-1.336214303970337
0.037561964243650436	0.999160885810852	0.01633978635072708	-0.007297314703464508
-0.9768484830856323	0.033267322927713394	0.21133042871952057	1.3801499605178833
0.0	0.0	0.0	1.0
31	35	38
0.4492573142051697	0.09711727499961853	0.8881082534790039	-1.3968932628631592
0.11898739635944366	0.978714108467102	-0.16721594333648682	0.11970888823270798
-0.885443389415741	0.18079684674739838	0.4281386137008667	0.2976713180541992
0.0	0.0	0.0	1.0
