0	8	57
0.8076439699590275	0.06478345021252974	-0.586100948956221	-0.46268372174649697
-0.18217287054582026	0.9727367751217644	-0.14351380269091424	0.10631410273579406
0.5608246276920423	0.22267974965019055	0.7974267778735621	-0.3506381161949732
0.0	0.0	0.0	1.0
0	9	57
0.919760701868416	0.09414757835364698	-0.38102032070306013	-0.24081452934924125
-0.04200195263055789	0.9888389601881797	0.14294525801571525	-0.01802616715200156
0.39022568761389786	-0.11547183337984618	0.9134495981838067	0.05870339046008022
0.0	0.0	0.0	1.0
0	10	57
0.540564632889654	0.26231270003294815	-0.7993634499214353	0.8049315301203437
-0.2573029750389204	0.9561692970602046	0.13976928988699666	-0.24044820813254586
0.8009900478189452	0.13012425892514834	0.5843651431546771	0.5100489299265922
0.0	0.0	0.0	1.0
0	15	57
0.4996617049510519	-0.5068871568185124	0.7024269291946696	0.20232055329875442
0.4185696775423089	0.8512392944185843	0.3165297595485732	-0.10254274820095843
-0.7583782734543075	0.13585681392626112	0.637499270950383	0.3333248801919009
0.0	0.0	0.0	1.0
0	23	57
-0.3928749606740706	-0.34387661959490606	0.8528763895027976	-1.2539659713286668
0.38908738029817436	0.7781833398943275	0.49299259629695585	-0.44607238216859013
-0.8332228248002163	0.5255278869925829	-0.17193069599422717	1.5970879696189435
0.0	0.0	0.0	1.0
0	29	57
0.4077164621097505	-0.37522655971419877	0.8324495873082981	-2.5684543166018314
0.3855555916455672	0.8971528133723314	0.21555443676470606	0.2752606205460133
-0.8277162389826275	0.23307050079999295	0.5104546692717147	-0.612582694689769
0.0	0.0	0.0	1.0
1	26	57
0.998221389394329	-0.009780428656145396	-0.058808170954026406	-1.321597346756024
0.006588603773043766	0.998506942863403	-0.05422615009295148	0.5585710323865269
0.05925072198697495	0.05374223915025761	0.9967954271941355	-0.7891115971070559
0.0	0.0	0.0	1.0
2	3	57
0.7053100106715777	-0.3472266374385384	0.6180383896649024	-0.1770663548841246
0.06359468033851456	0.899305035616385	0.4326732826829687	0.23776068662912242
-0.7060407250853894	-0.2658648437987611	0.6563706112805162	-0.08305425134069111
0.0	0.0	0.0	1.0
2	12	57
-0.01065808910032584	-0.27847400840949	0.9603846269995577	-0.8072261295717758
0.11385902338568929	0.9538546787443666	0.27784415529418294	0.0884549168638118
-0.9934397454956116	0.1123097434679293	0.021540510480982822	1.6369974187380965
0.0	0.0	0.0	1.0
2	23	57
0.8427010593906185	-0.18966986003876504	0.5038653279347611	-1.5438242955877084
0.009723640329254601	0.9410978112001135	0.33799461618952287	0.41354266913630955
-0.538293948805554	-0.2799290159080169	0.7949084039888452	-0.3541544117250721
0.0	0.0	0.0	1.0
2	24	57
0.9317644636340141	0.2548158840868681	-0.25861912057279524	-1.019427307843249
-0.12325980608859702	0.8920360162530413	0.4348318823527152	0.30908153105468106
0.34149964057348503	-0.37328355297874005	0.8625760166870793	-0.44483436203507143
0.0	0.0	0.0	1.0
2	25	57
0.8891044955558824	0.19612320742153083	-0.4135563849017577	-0.2580841451194076
0.019490363650249365	0.8865023675028705	0.46231339817983474	0.17684116171243924
0.45728910079631296	-0.41910528500902533	0.7843707276348362	-0.5117009745484395
0.0	0.0	0.0	1.0
3	11	57
-0.49727900930418556	-0.07756079601185317	0.8641168380650013	-1.2996818186922292
0.607999313727592	0.6793566650260594	0.4108665917198037	-0.5565364190168252
-0.6189106732091676	0.7296977762105891	-0.290672898600981	0.8851810400900378
0.0	0.0	0.0	1.0
3	15	57
0.4611408181446113	0.5303899329073484	-0.7113618382451065	-0.6123433595335627
-0.4464262145690268	0.8315166016730611	0.3305809675218063	-0.3666142981251511
0.7668459954818094	0.1651261948105843	0.6202262159896899	0.5642981875604112
0.0	0.0	0.0	1.0
3	23	57
0.405997044062542	0.4691397274871732	-0.7842667379825172	1.4424136561937115
-0.4359315947769356	0.8536676676535973	0.2849827325963886	0.10628770289574907
0.8031998785406506	0.2261845027762242	0.5510993792558259	-0.570982362023285
0.0	0.0	0.0	1.0
3	27	57
0.796406057036986	0.37596771868717	-0.4736936423681085	1.3895889135849795
-0.32916929497486247	0.926567609390577	0.1819891218561756	0.46147197604185797
0.5073312207626813	0.010988163331284773	0.8616810852664992	-0.998473503297244
0.0	0.0	0.0	1.0
3	28	57
0.9663612818965162	0.12620230681466865	-0.22409562826163895	1.3161073562665604
-0.1998340463105659	0.9169532707750502	-0.3453448322330659	0.608440565905757
0.1619019048265617	0.37850981092911484	0.9113276558098821	-1.3297933399941115
0.0	0.0	0.0	1.0
4	11	57
-0.23491334729396984	-0.10926308197069567	0.9658557336276505	-1.7429089679632481
0.05311814068455828	0.9907342096344884	0.12499675591846685	0.33170967272929697
-0.97056384766452	0.08066786707351528	-0.22693283770413517	1.1341248752753437
0.0	0.0	0.0	1.0
4	12	57
0.9147318628876617	-0.11144184515940668	0.38838941047038933	-1.8362027303477284
-0.07660902656508604	0.8959462728244196	0.4375058094023218	0.20535082823632522
-0.39673249938317345	-0.4299546387230838	0.8110131519116591	0.7244322286444598
0.0	0.0	0.0	1.0
4	16	57
0.6249898396762867	0.38931104323000254	-0.6766273804100574	-0.27214437354317245
0.04594566630952035	0.8469199891184134	0.529731562000076	0.08070125878498202
0.779279600688215	-0.3621649398421021	0.5114292329349029	0.6057771933359832
0.0	0.0	0.0	1.0
4	28	57
0.8342098101762382	0.1542462645181405	-0.5294356263871232	1.621600826837469
0.041573712189882935	0.9397603067392026	0.3392966140889014	-0.23961534173822563
0.5498778219390908	-0.3050551683870311	0.7775446772886314	-0.3443836603267254
0.0	0.0	0.0	1.0
5	7	57
0.5915012348001797	0.3330618951002374	-0.734299709425314	3.275426029735402
0.3030161187861608	-0.9357639399378546	-0.18035265583782017	1.2817914438249411
-0.7471997865267594	-0.11582582934830199	-0.6544286487235597	2.8227971343359393
0.0	0.0	0.0	1.0
5	27	57
-0.23989905936069603	0.6670955991209163	-0.7052885246134091	1.1416377857386875
-0.4238870384076844	0.581610615902717	0.6942973931531244	-0.7232186527015607
0.8733660286430975	0.465523955455321	0.1432453381769081	0.95840398168101
0.0	0.0	0.0	1.0
5	33	57
0.865408304596722	0.3710458834360144	-0.3367393928844898	1.9038375806585282
-0.19917647472138789	0.8714064140767954	0.44830747643038554	-0.8417160586204698
0.45977951047495336	-0.32089844794110167	0.8280259584435767	1.0502917965883696
0.0	0.0	0.0	1.0
5	34	57
-0.8533370632538272	0.4590165673261457	-0.24722388112287286	1.066664556939204
-0.2774433902741831	-0.8012778429254961	-0.5300745076211759	-0.2939819695892377
-0.44140799910117345	-0.3837415919037009	0.8111111939633877	0.6734569220638396
0.0	0.0	0.0	1.0
5	35	57
0.9726024129238872	0.09906915119153818	-0.2103089386041894	1.8442242968096272
-0.06342618394368964	0.983413177563941	0.16992834190897682	-0.8597813738607669
0.22365523817915342	-0.1519336219399149	0.9627536076064557	1.0304870804956852
0.0	0.0	0.0	1.0
6	7	57
0.4175641261100174	-0.4751420228167598	0.7745193727335525	-0.6486523141499818
0.09843768487981275	0.8710250812999151	0.4812746928127216	0.1692427209173104
-0.9032996306771528	-0.12472115257675526	0.4104807076080986	0.5235418394138582
0.0	0.0	0.0	1.0
6	19	57
0.8087279927045976	-0.06045274175237149	0.5850679446274705	0.32018645928908995
0.02974212947287854	0.9976347859650769	0.0619696665057482	-0.09150440253487124
-0.5874303699592066	-0.0327154374422258	0.8086131711780072	-0.34598354551456634
0.0	0.0	0.0	1.0
6	22	57
0.943902645436649	0.17834302130061616	-0.2779236634240848	0.6952821967214208
-0.009136663632453412	0.8554041804719393	0.517880497227688	0.09436249601197289
0.3300974360932897	-0.48628947632505665	0.8090477290618512	-0.4012105258093417
0.0	0.0	0.0	1.0
6	33	57
0.4977058052100164	0.7014079926608268	-0.5102114848685386	0.9871142301806397
0.0872812552625453	0.5447562283945785	0.8340399475475427	-0.03769062149098468
0.8629431695888458	-0.45963842252016274	0.2099085672456764	2.198922778301852
0.0	0.0	0.0	1.0
6	34	57
0.7406666339965955	0.10120492061321235	-0.6642066706438793	1.0755628547674965
-0.09996223189741088	0.9941862989735821	0.04001443648609854	-0.14997143441830507
0.664394829508961	0.03675822325528125	0.746477289369793	1.7607873004427343
0.0	0.0	0.0	1.0
6	35	57
0.7571188421760181	0.4359012424094405	-0.48658109877794475	0.8833373406188211
0.030245393481380813	0.7206430598742255	0.6926462274698904	-0.0810405292146017
0.6525766430046375	-0.5391323465727316	0.5324284345184596	2.1149324341279976
0.0	0.0	0.0	1.0
6	36	57
-0.5509034691903303	-0.5028568184772416	0.6660633511498777	0.02377648375188479
-0.15062027974830272	-0.7250801870611059	-0.6719912601068371	0.7030821687628805
0.8208647263481363	-0.47052496473872457	0.3237087558207537	2.7628057023648522
0.0	0.0	0.0	1.0
6	37	57
-0.8068890281844111	-0.2902092476030277	0.5144984827978604	-0.009057686476239946
-0.08382902672438729	-0.8059205266862901	-0.5860586992308309	0.7768066318513327
0.5847245423907373	-0.5160142413455042	0.6259604717987917	2.4591967762895512
0.0	0.0	0.0	1.0
7	8	57
0.7574549489120965	0.02409975655459251	0.6524424894981798	-0.34271161570239905
0.33395621922979757	0.8443922329585769	-0.4188973627954316	0.17186941702323966
-0.5610126950491517	0.5351831075933144	0.6315408120940798	-0.32769587215490237
0.0	0.0	0.0	1.0
7	9	57
0.5665516815987983	-0.3147478998557351	0.7615464211812552	0.10744144407864187
0.5328951180169813	0.844860221544691	-0.04726520120682354	0.2484594713187197
-0.6285236552996561	0.43260254921562585	0.6463845984712974	-0.4631584664055062
0.0	0.0	0.0	1.0
7	10	57
0.9369340422593498	0.01402378926559561	0.34922476113556133	0.8585172010226995
0.11540220749740049	0.9307425385913134	-0.34698797869857756	0.7888740296122342
-0.3299044270092207	0.36540615784525515	0.8704259927463595	-1.3001387205033632
0.0	0.0	0.0	1.0
7	11	57
0.718664057346716	0.3079140907114592	-0.6234668278419404	1.0642794762357575
-0.4621635240143308	0.8814277020530397	-0.09741705766524059	0.6014129926359311
0.5195448486402416	0.3581537641779477	0.7757570698721055	-1.2925392751664262
0.0	0.0	0.0	1.0
7	13	57
0.7672753052569424	0.3215443286799843	-0.5548854392003852	1.020016806139364
-0.3624810996151938	0.9312003164923941	0.038385192278082736	0.7026468873246802
0.5290520374827283	0.17168347403930306	0.8310407489270129	-1.1956437827994502
0.0	0.0	0.0	1.0
7	18	57
0.41543412707264293	0.5266082306662285	-0.7416860909158102	0.9195126921898504
-0.48185039301789934	0.8189807181970254	0.3115939376335499	-0.37685439848017527
0.7715145395985018	0.22793497892177123	0.5939789226664902	0.2825308124464403
0.0	0.0	0.0	1.0
7	20	57
0.5486476682208549	-0.7530483945777398	0.36318569847903914	1.0237213069942996
-0.7400715197268752	-0.6395362141633714	-0.2080566664703039	-0.5173851001516833
0.3889471453102227	-0.15463358689971274	-0.9081897224465587	3.2619167593301843
0.0	0.0	0.0	1.0
7	21	57
0.9977670621152409	0.015847043897954133	-0.06488267070348983	1.4813555501376205
-0.037829889857366863	0.9346843708617847	-0.35346007737803853	-0.6249471189867515
0.055043520883939975	0.35512532726687585	0.9331967706450199	0.43674873671702774
0.0	0.0	0.0	1.0
7	22	57
0.14469069747312893	0.6200309354998312	-0.771120121049856	1.3247832102865447
-0.5193983629210533	0.710912241727125	0.4741614969158128	-0.5362852381555879
0.8421935304071565	0.33191177078512757	0.42490544095670485	0.40584922287946634
0.0	0.0	0.0	1.0
7	29	57
-0.9979435321198799	0.06032664086385199	0.021665712593446684	0.11824776181515054
-0.048460707355068425	-0.4888309979869183	-0.871031466279927	2.129903041889793
-0.04195553053823138	-0.8702901538045786	0.49074920442936903	0.1090496211384917
0.0	0.0	0.0	1.0
7	30	57
0.40472042220168963	-0.5875234424882332	0.700726469016022	-0.961795778265012
0.6093436597748252	0.7446443470455731	0.2724061319157378	-0.87820875275078
-0.6818369923560238	0.31673490641204693	0.6593764591756696	1.443374196534625
0.0	0.0	0.0	1.0
7	31	57
0.6073531191813568	0.07228998187162197	0.7911361116405174	-1.1673846882039853
0.4884000063162842	0.7514506925057495	-0.44360713538319324	-0.8878255237490709
-0.6265681307335462	0.6558170592883579	0.4210894944016535	1.3200040484719178
0.0	0.0	0.0	1.0
7	32	57
-0.9457000814210105	0.28662191501270723	-0.15329459819165847	0.6531541165882406
0.08362051770144904	-0.24120684291222277	-0.9668644516950964	2.209315454969079
-0.3141002467678675	-0.9271823643527555	0.2041418580634508	-0.2655770106693811
0.0	0.0	0.0	1.0
7	36	57
-0.8313058655756093	-0.17521491597060493	0.5274753938156747	-1.3370630834187947
0.4786247213788924	0.25681017872871814	0.8396230750677957	-1.8753717207771747
-0.28257553670578905	0.9504463505757372	-0.12962561757884672	2.83914352426341
0.0	0.0	0.0	1.0
7	37	57
-0.20943785375992968	0.6510417950812767	-0.7295754700301975	1.9860551171803649
-0.5188565610675738	0.5584257707461218	0.6472623329097192	-2.4430812530859227
0.8288085752751156	0.5141062532433829	0.22084181199782854	2.8665037556943247
0.0	0.0	0.0	1.0
8	10	57
0.9355735115415346	0.13333279496626213	-0.3269932266704119	1.584874730598377
-0.055168747235229465	0.9697968683718198	0.2375930205723809	-0.11799598446472781
0.3487959487011545	-0.20424592990485008	0.9146720648882666	-0.04078101357579733
0.0	0.0	0.0	1.0
8	19	57
0.262955452995805	0.11632949629911567	-0.9577692196090689	0.6858258561986583
-0.007773543712239289	0.992927730572574	0.1184655809851656	-0.23350372276032016
0.9647766590034846	-0.023705909617497023	0.2620000536093115	1.855838632186678
0.0	0.0	0.0	1.0
8	20	57
0.8614323528518399	0.28263513579245747	-0.4219617061721634	0.43146782675431056
0.028579074588418678	0.8025490435167979	0.5959012244037956	-0.21290557172356694
0.5070675871674444	-0.5253878688796043	0.6832642602085484	2.216001913107588
0.0	0.0	0.0	1.0
8	21	57
0.65886734436258	0.15623398701176763	-0.7358564831779416	0.7175683479922363
0.013518698640293286	0.9755784115104336	0.21923505144445274	-0.2558052284510435
0.752137665138287	-0.15439463817498872	0.6406646770215598	2.147806124756925
0.0	0.0	0.0	1.0
8	26	57
0.3375734765405709	-0.4348334136080528	0.8348437280990268	-0.9950510849559242
0.17839591398779914	0.9003864523950385	0.39683640737202436	-0.07610638803319292
-0.9242397123088635	0.014971264256762817	0.38151908921806743	1.1162226533995803
0.0	0.0	0.0	1.0
8	31	57
0.9850495389239222	-0.04115157252912477	0.16728405167304042	-1.796751339475131
0.06157610711651068	0.9910065380701294	-0.11880414359201968	-0.02551513789104931
-0.16089061159105708	0.1273286675522735	0.9787244870346392	0.9215719791617962
0.0	0.0	0.0	1.0
9	14	57
0.9958712643405829	0.001920062251792698	0.09075647757398642	0.9254750711147279
0.0064120316854446024	0.9957911914153463	-0.09142641275511548	0.07520868938081626
-0.09055004533600852	0.09163087067442449	0.9916675213140206	-0.3004207265003891
0.0	0.0	0.0	1.0
9	19	57
0.15029635042278575	0.28243821217726656	-0.9474384747051919	1.667349735452174
-0.5368167084680078	0.8280598991619048	0.16169299585804786	-0.11040075049206277
0.8302040884982229	0.4842989363007997	0.2760719321820831	0.1487877084124012
0.0	0.0	0.0	1.0
9	20	57
0.6757015921766121	0.4851557985532682	-0.5550236116239855	-0.44636486040061185
-0.26873860700419816	0.8632088281624894	0.4273758066243162	-0.7457057891381984
0.6864451321376204	-0.1396222407515454	0.7136516730535163	1.8132863265699466
0.0	0.0	0.0	1.0
9	21	57
0.536755459175994	0.26184049621155175	-0.8020805019375907	-0.2931827833269324
-0.3025429634378782	0.9471408955984075	0.10673274642429556	-0.773528147879511
0.7876302002329492	0.18537442765585166	0.5876010459931729	1.6803263772476822
0.0	0.0	0.0	1.0
9	24	57
0.1379138319777976	-0.3387466068273942	0.9307150537689428	-0.5443959266551646
0.45320185991495066	0.8571326281448983	0.24480958302127195	-0.5176965237354616
-0.8806746556582795	0.38803916571957775	0.271731037514717	1.2974987161744995
0.0	0.0	0.0	1.0
9	25	57
0.27283655662901407	-0.3525707304713994	0.8951279759797968	-0.7886628645849214
0.47245493209822964	0.8596085028964345	0.19457532958781898	-0.17551848626997207
-0.8380611854171991	0.36982036418106456	0.401106404503973	0.6698942900188207
0.0	0.0	0.0	1.0
9	29	57
0.06494155894194986	-0.4957319397438513	0.8660441315775933	-2.7841264588045913
0.5590025680334451	0.736992910164802	0.3799441791879825	-0.2522620303365669
-0.8266188498057635	0.4594467262747821	0.3249768958882806	0.31653890737305
0.0	0.0	0.0	1.0
9	31	57
0.9992737693596746	0.030014985249877717	-0.023474124694179574	-2.3401211113300375
-0.037126350077453844	0.9056055334081585	-0.42249290170421994	0.13600056051365028
0.008577179002131945	0.4230575829848404	0.9060622017717055	0.22223408588572946
0.0	0.0	0.0	1.0
10	13	57
0.549914626336282	0.32505822542643903	-0.7693705568996275	-0.03739307890186183
-0.11471368922875019	0.9418232919767486	0.3159266626823552	0.004440700748218007
0.8273056709856142	-0.08547535769270215	0.5552110319350176	0.08992598627648984
0.0	0.0	0.0	1.0
10	14	57
0.7857361333912054	-0.24926116499757778	0.5661162427518638	-0.34109386254133456
0.23836841944130704	0.9665438763047237	0.09472819955478673	0.12495637051743552
-0.570788249087602	0.06051286476352401	0.8188644380491927	-0.1511169575685023
0.0	0.0	0.0	1.0
10	19	57
0.4812525347315618	0.06501922919452661	-0.8741673167359878	1.2253061242955243
0.15458198987352245	-0.9879116020713626	0.01162217275453209	1.3093345287429923
-0.8628443696410087	-0.14072372340065337	-0.48548576441649405	2.2086298499871075
0.0	0.0	0.0	1.0
10	20	57
0.9765128455196399	0.08190838905814474	-0.1992829102984895	-0.2909440119295954
0.0134270888723515	0.8999896865603091	0.43570434628253507	-0.7291802168435433
0.21504040508599814	-0.4281466803409517	0.877751698542061	2.4323087734208486
0.0	0.0	0.0	1.0
10	21	57
0.9258122000263932	0.04209319921418905	-0.37563271005358884	-0.04952050703764066
-0.03706091563838165	0.9991003387447673	0.02061556819820118	-0.6447106518873138
0.3761625430772366	-0.00516485237005776	0.9265392951654352	2.0170135911887326
0.0	0.0	0.0	1.0
10	23	57
-0.4828854585759652	0.4123586169805957	-0.772516669656863	1.0774075257210742
0.20888467458688292	-0.8024794230415881	-0.5589221487090772	1.5648507831548242
-0.8504050955977462	-0.431262271241863	0.30137024867212464	1.0671579728186804
0.0	0.0	0.0	1.0
10	24	57
-0.471845758677741	-0.3212692538348276	0.8210649466139935	-0.6262439677262939
0.3263352719106236	0.8014754803470527	0.5011410427309667	-0.534253601937485
-0.8190646313477628	0.5044037281215066	-0.27333131677925	2.0081289624974494
0.0	0.0	0.0	1.0
10	25	57
-0.997036592476115	0.013638077038837855	0.07571021145328279	0.058247685583474165
-0.06325074027489883	-0.7055132183721767	-0.7058685731471626	1.838503346102559
0.04378786496616815	-0.7085655238274131	0.7042851136612843	0.34964584262111353
0.0	0.0	0.0	1.0
10	29	57
-0.9500899678145386	0.22934957767436775	-0.2114895370432218	-1.1242650726476204
-0.04833119269341815	-0.7779239521650729	-0.6264969436962196	1.7623566174580148
-0.30820958594923437	-0.5850069195047709	0.7501824813074073	0.4750812241878819
0.0	0.0	0.0	1.0
11	17	57
-0.2583455662596606	0.560537258376782	-0.7868008327177949	0.9272741136619314
-0.1591461960655799	0.7786271783986272	0.6069696906245385	-0.5310971937588986
0.9528536386412291	0.2820242880151155	-0.11194750688486105	1.7362258159397734
0.0	0.0	0.0	1.0
11	18	57
0.9362821057035658	0.19003700959077913	-0.29540100461083374	1.0489611007432844
-0.07847709438818917	0.9329195361113314	0.3514292031095385	-0.44901163215997775
0.3423699230301675	-0.3058546617719146	0.8883894200612162	1.470831909105602
0.0	0.0	0.0	1.0
11	27	57
-0.8766713990568193	0.4141483210435688	-0.2448028313818142	0.5975317737884747
0.08636576479597341	0.6360662433884463	0.7667859471149157	-0.793946337297029
0.47327392992533074	0.6510767252778309	-0.59338931997006	3.208968888356107
0.0	0.0	0.0	1.0
11	28	57
-0.704235700448448	0.28159282969043103	-0.6517342683032856	0.7180586345954698
-0.04567532456899984	0.8981076205155875	0.43739737847562055	-0.973159178876164
0.7084954784184577	0.33779902344258583	-0.6196176053194699	3.4301178041638227
0.0	0.0	0.0	1.0
11	32	57
-0.8387693386252382	-0.31762923040436863	0.4422416404805291	-0.5210070225559456
-0.23466054630901806	-0.522038744096042	-0.8200060839216872	2.76243856431924
0.49132517194637376	-0.7915726256354221	0.3633350433917847	1.354484438505867
0.0	0.0	0.0	1.0
12	15	57
-0.2504321409853185	0.6052793860808838	-0.7555928847911805	0.704861922847072
-0.28899991491184907	0.6981401468485936	0.6550415135998395	-0.21169258868194274
0.9239928527550709	0.38240972809772134	8.895939217357096e-05	0.5265174325244522
0.0	0.0	0.0	1.0
12	23	57
0.5979399812486514	0.35284242954533723	-0.7197013260630458	1.8443365780993504
-0.23629153361149205	0.9355899513946708	0.26236949897586764	0.29480742226921075
0.7659204201272429	0.013178116779812954	0.6428003167938282	-0.8124837657138322
0.0	0.0	0.0	1.0
12	27	57
0.23813094378226868	0.568766853291397	-0.7872724561486765	3.3777380056067137
-0.25521322323845974	0.8187490689642113	0.5143113577926062	-0.28575256957919937
0.9371018430766225	0.07844889207146893	0.3401263104129947	0.4683169820074269
0.0	0.0	0.0	1.0
12	28	57
0.571002548138604	0.1293561374110317	-0.8106929626765735	3.650684250361293
-0.26892979350124124	0.9624927318391515	-0.03584002405394551	-0.1330561473561651
0.7756499572530131	0.2384842361056722	0.5843735217671082	0.24618092239032774
0.0	0.0	0.0	1.0
12	29	57
0.3869590578238622	0.2780794425769665	-0.8791669415896803	2.941010678561994
-0.1552494188393126	0.9594800083551235	0.23515044443272556	0.20625979477377004
0.9089336089715929	0.045496562319983724	0.41445115188516424	-0.6263139832247466
0.0	0.0	0.0	1.0
13	25	57
0.6567288524406907	-0.5106217542375457	0.5549528254467264	0.09111060359055467
-0.5027465920666783	-0.8449486627215202	-0.18250375757900503	1.064670154113662
0.5620970365846758	-0.15914515847014216	-0.811615512418435	1.9131202945762218
0.0	0.0	0.0	1.0
13	26	57
-0.31766588259608686	-0.5116795258158037	0.7982934610125291	0.27750938445332285
-0.5018876881044759	-0.6235618594271138	-0.5993991624926945	0.9758695925202545
0.8044856341561314	-0.5910623235570963	-0.0587213258339169	1.9548379220351042
0.0	0.0	0.0	1.0
14	15	57
0.21087132358757793	-0.48600076499452916	0.8481371005404464	-0.45217567690028626
0.46688511976484054	0.8123580943952537	0.34941753163326184	-0.09991343908996231
-0.8588082264572184	0.322300454382621	0.39820955196248453	0.36818660465234554
0.0	0.0	0.0	1.0
14	29	57
0.0897174587818839	-0.31820937565714	0.9437656334247468	-3.439126130527882
0.47072390934934594	0.8486192025515271	0.2413803020705661	0.19263009079421567
-0.8777071144502527	0.422597021173484	0.22592471962737495	0.3843891582140495
0.0	0.0	0.0	1.0
15	24	57
0.9977244774549082	0.06690925652845842	0.008307736041781422	-1.3068872460628618
-0.065648313268447	0.9921441419144975	-0.10649084763375133	0.606355430808363
-0.015367695088685351	0.10570313645089238	0.994278975384729	-0.7098505142883291
0.0	0.0	0.0	1.0
15	25	57
0.9859399132369543	0.08929998849529745	-0.14123738719279097	-0.5859727794700449
-0.10032271923940814	0.9922777770863449	-0.07293946191871586	0.7423048018403473
0.13363322749495177	0.08608324549713936	0.9872850831213658	-0.9950319607754752
0.0	0.0	0.0	1.0
17	18	57
0.1090905376240826	-0.4980770083475675	0.8602433076498912	-0.263271030720045
0.5727422116569237	0.7388123502705808	0.3551375368417079	0.07647959536731674
-0.8124442218313966	0.45395550976191207	0.3658671638307799	-0.05067467570235906
0.0	0.0	0.0	1.0
17	22	57
0.4220324306804144	-0.4933941179955682	0.7605595780616778	-0.4853705804218138
0.5090923825157809	0.8231473120612155	0.25150238311157713	0.31609663561320345
-0.7501423688330021	0.2810529255741211	0.59857804796688	-0.45780346585669296
0.0	0.0	0.0	1.0
17	27	57
0.6511932603677625	0.4087238965066643	-0.6394467249709032	1.5816395442019218
-0.29057691131760577	0.9126570532168625	0.2874407100997245	0.03711846740891095
0.7010794507477193	-0.0013709988780610805	0.7130818495105261	-0.06775869539722046
0.0	0.0	0.0	1.0
17	29	57
0.4495062463318393	0.34965889065193373	-0.8219992668468263	1.682452988192252
-0.3326395952888324	0.9195461142482382	0.20925067124635433	0.020422306190459816
0.8290325893200714	0.17937001967727872	0.5296521140203553	-0.22355357061228887
0.0	0.0	0.0	1.0
17	32	57
0.6943757013417738	-0.611290058898709	0.37969309880182506	-0.5639492165959035
-0.5291818730793216	-0.791319927218891	-0.3062340901835536	1.6845885653750794
0.4876565703344729	0.011714805926723415	-0.8729569478111265	3.1507551755359495
0.0	0.0	0.0	1.0
18	19	57
0.8270374091382986	-0.023076889506951026	0.5616730196978441	0.21219200257071325
0.28741387137981006	0.8760488000913083	-0.3872102353980972	0.12799204427183886
-0.48311736713171544	0.4816699669164186	0.7311577480588276	-0.37276865994676145
0.0	0.0	0.0	1.0
18	27	57
-0.6654673658599829	0.5649599562564962	-0.4878252072228678	0.19289176223957494
-0.231941964261971	0.4646815165376456	0.8545607137018247	-0.949010788663269
0.7094759405291168	0.6818294038943554	-0.17819246279064016	1.5493995913001997
0.0	0.0	0.0	1.0
18	28	57
-0.3970491003179914	0.32863413374589906	-0.8569431825236473	0.3933996556529038
-0.38592302660716093	0.7873588383024187	0.4807592716541552	-1.1538343258765478
0.8327156954633693	0.521599142909714	-0.18579263883375402	1.6476047540223486
0.0	0.0	0.0	1.0
18	32	57
-0.6875586059329856	0.6361877357208598	-0.3500404666975721	0.7255206231735039
-0.1421059834917905	0.3548513953675299	0.9240597257004266	-1.1785429934431477
0.7120878126069285	0.6850880615833856	-0.15357504684224477	1.910685534026762
0.0	0.0	0.0	1.0
18	33	57
0.5201371272215579	0.7013003792141527	-0.4874783554167203	0.803418022811601
-0.35386659790329067	0.6964223071721488	0.6243191499236362	-1.2247191346973874
0.7773260575679007	-0.15222926192787983	0.6104018774863306	1.956728766850576
0.0	0.0	0.0	1.0
18	35	57
0.755885478222031	0.437735843694816	-0.48685159438769327	0.7358913045793173
-0.2841625037868095	0.8892800580162097	0.35837501287938367	-1.244004945695963
0.5898210027242694	-0.1325454999593524	0.7965819952684488	1.9020694907488385
0.0	0.0	0.0	1.0
18	36	57
-0.7646719532563282	0.5701281019117668	-0.3003843393281975	1.3095141717706387
-0.1460083200010938	0.3007286111888503	0.9424669081208548	-2.3503994579044027
0.6276610346306436	0.7645366242521753	-0.14671528817229135	3.537492836432853
0.0	0.0	0.0	1.0
19	20	57
0.7902524682168895	-0.3767882196914978	0.48325115000258967	0.37112476535614425
0.10436664782847113	0.8598557233829027	0.4997556780935181	0.020908569926034848
-0.6038283193906707	-0.34449785553378437	0.7188272311442173	0.2042762810282832
0.0	0.0	0.0	1.0
19	30	57
-0.1459346032000509	-0.6071084323961249	0.7811033496934728	-1.3270037925553515
0.24256623513840117	0.7434961812819947	0.6231974406156321	-0.015021786797386638
-0.959095778929105	0.2804153700006693	0.038762186570963655	2.17308556576909
0.0	0.0	0.0	1.0
19	35	57
0.2350380611426372	0.6950988092795063	-0.6794076502016452	-1.0158502397317073
-0.04463310719915539	0.7059699791773437	0.7068339792639347	-0.09911111119731819
0.970960862010441	-0.13580881355255386	0.19695423479932833	2.271512733740392
0.0	0.0	0.0	1.0
19	36	57
0.9965128869776848	-0.01026537844015549	-0.08280512117546	-1.071710616372747
0.053139632470862	0.8431955510148951	0.5349742444357025	-0.006840050738501913
0.06432919670152824	-0.5375089624872961	0.8408007312660757	2.1197383961601943
0.0	0.0	0.0	1.0
19	37	57
-0.9449998564696729	0.2839856760312133	-0.16225722505143902	-0.5616625047412286
0.0917796221052361	0.7064053981335761	0.7018318277578782	-0.43054192396751234
0.313929565728554	0.6483390696979774	-0.6936170978750764	3.999840046748166
0.0	0.0	0.0	1.0
22	27	57
-0.3778715416133588	-0.566229579346401	0.7325279254144119	-1.477357239371525
-0.5871685464416617	-0.46517123764752477	-0.6624566534763281	1.9763641744307905
0.7158534739095213	-0.6804408740946328	-0.15669722637303535	2.6864524219851353
0.0	0.0	0.0	1.0
22	33	57
0.7489352077455474	0.5217476989104792	-0.40850384732674755	1.1049405813395548
-0.2839134127433396	0.8096818812138654	0.513622843435149	-1.3061914974680586
0.5987397002567687	-0.2686905095376409	0.7545304377033697	1.9303899499881292
0.0	0.0	0.0	1.0
22	35	57
0.9228543426880965	0.24335339732648933	-0.2985280325051197	0.9847145188782309
-0.16447566925848442	0.949875394535082	0.2658655469947103	-1.3629983036236444
0.3482637167488103	-0.1962545766765165	0.9166223457508692	1.8923473475451555
0.0	0.0	0.0	1.0
23	24	57
0.614057012786914	0.3795475643417233	-0.6920098492431143	0.4866260581871482
-0.37245508464479404	0.9123644817784053	0.16990662821520933	-0.05438681674401161
0.6958528543948437	0.15341023040034676	0.7016082284573506	0.08616098909875525
0.0	0.0	0.0	1.0
23	25	57
0.5067792667937658	0.423718564454876	-0.750757852362714	1.135969967446414
-0.33987774530705217	0.8985361958937877	0.27769735849250876	-0.32371788167985427
0.7922486307927388	0.11443462240520477	0.5993720248743766	0.3743383395513509
0.0	0.0	0.0	1.0
23	26	57
0.17262541148432153	0.5058663554811116	-0.8451625273887424	1.8340018082807297
-0.3564109459077097	0.8319816524870076	0.42517968855786054	-0.1557648901910711
0.9182438156323404	0.22782835714029603	0.3239174813678839	-0.07316078568953754
0.0	0.0	0.0	1.0
23	29	57
0.6668448824372467	0.2972866631369388	-0.6833290149614312	2.6661347294439715
-0.29495543446269623	0.9473880241976913	0.12432708187566238	-0.05824667559307534
0.684338508669633	0.11864472819177352	0.7194471725040861	-0.3771389019581113
0.0	0.0	0.0	1.0
25	27	57
0.7930185055845158	-0.4099193006087415	0.45065265647607394	-0.5452429167395797
0.3502225233690959	0.9120512959394659	0.21332280164137402	0.4713375380965662
-0.4984634730102952	-0.011340218850707314	0.8668365275592237	-0.8279282775398396
0.0	0.0	0.0	1.0
25	29	57
0.9705359110123523	-0.12008436664455877	0.20890138899250682	0.030599641581820047
0.14290992033000988	0.9848925637022689	-0.09779260010472707	0.8326514417042128
-0.1940020621196942	0.12476531109065528	0.9730348488321263	-1.4979046770594109
0.0	0.0	0.0	1.0
25	32	57
0.8274279522322678	-0.4499812633738443	0.3359759611597141	-0.6011165939303015
0.37994005624636407	0.8891300607284925	0.2551338644093636	0.9885032614156297
-0.41353178538562696	-0.08345416539289735	0.9066569719327977	-1.6020605379040536
0.0	0.0	0.0	1.0
26	27	57
0.5782307167758846	-0.4212742606204124	0.6986968122981334	-0.303226171638064
0.41472952850202177	0.8892533739462367	0.1929452127255961	0.2745045410459519
-0.7026013495328189	0.1782033508774729	0.6889084912894466	-0.36225841744356124
0.0	0.0	0.0	1.0
26	32	57
0.6217607733004	-0.5417866180990645	0.5655800573160865	-0.9075636482261835
0.4744613403877105	0.835100271502432	0.2783773931447419	0.5395973531832214
-0.6231372058081475	0.095261728859724	0.7762893956201325	-0.6454014496936016
0.0	0.0	0.0	1.0
28	33	57
0.5665457407664223	-0.6718393120424115	0.47713505678560686	0.018567884645975752
0.3046678947748265	0.7087775749491497	0.6362482401882753	0.23920490699891794
-0.7656392084480135	-0.21509599727466083	0.6062427850651237	-0.4226238126058057
0.0	0.0	0.0	1.0
32	33	57
0.2804249611433335	-0.6784504013673869	0.6790190675173944	-0.01379277579259508
0.7426769714276165	0.6015151079188688	0.2942966038819613	0.10155672892984435
-0.6081058767014709	0.42176371089720877	0.6725493401166578	-0.07856495110568784
0.0	0.0	0.0	1.0
35	36	57
0.19754091703611062	-0.5970424220616952	0.7775075127323439	-0.0287795603223322
0.7610133797620514	0.5933526266286228	0.2622809491672105	-0.03200216462207617
-0.6179289780546556	0.5398824008352353	0.5715686934644953	0.08264372803054432
0.0	0.0	0.0	1.0
35	37	57
-0.13302845460284954	-0.4355102813072971	0.8903000758966698	-0.32689983269782186
0.7546005020658235	0.5378704267997928	0.37586365381108017	-0.15168405666287565
-0.642558567406882	0.7218214452687368	0.25708420527556275	0.22098383443033165
0.0	0.0	0.0	1.0
36	38	57
0.9598427315644817	0.21833917051636992	-0.17615316426637884	0.2849021659065745
-0.22201400691607953	0.9750427578846854	-0.001183651001892272	-0.6411945301834667
0.1714984297184704	0.040244588640600765	0.9843620582332745	0.5955799966802113
0.0	0.0	0.0	1.0
36	39	57
0.543517992126255	0.6208907174605569	-0.5648742419391772	0.6857732394614844
-0.5407901335561689	0.7736917269257282	0.330071421263621	-1.0773894927147238
0.6419768093033786	0.1260786605972647	0.7562869479626463	1.01141685095565
0.0	0.0	0.0	1.0
36	42	57
-0.05544137418684442	-0.6989648748587771	0.7130037571723783	0.3432593529476856
0.8095921764778421	0.3864720154158788	0.44181431516674297	-1.0014213872000703
-0.5843686865448419	0.6017370563743287	0.5444499546990647	1.061609870460278
0.0	0.0	0.0	1.0
36	53	57
-0.9197516802353805	0.14100934596410367	0.36629661622102294	0.453836487663837
0.36223388890641034	-0.05441400306270516	0.9304975690448802	-1.4824726278309575
0.15114051882911655	0.9885117503709648	-0.0010309930154699942	1.5253045315379712
0.0	0.0	0.0	1.0
36	55	57
0.5825840843086609	-0.5531335700814954	0.595515775071607	0.20022800838791266
0.5563789099882923	0.8055234626143787	0.2038981601142615	0.16777564281577312
-0.592484846414217	0.212544594912786	0.7770370016562158	-0.28312519600257025
0.0	0.0	0.0	1.0
36	56	57
0.002227398005441741	0.2777090685330251	-0.9606626421135801	2.4273287233290772
-0.5919086932409413	0.774665938853745	0.22256860076310447	-1.18900454438731
0.8060019463772569	0.5681288202814256	0.16610390122362845	0.5337673481966805
0.0	0.0	0.0	1.0
37	38	57
0.8013163781763779	0.39420929865152105	-0.4499901009166407	0.1062178265439171
-0.3327863537139385	0.9187950362000716	0.21229442817909816	-0.7080910981162382
0.4971371087014869	-0.02036443740408428	0.8674329857926438	1.0337248480835486
0.0	0.0	0.0	1.0
37	39	57
0.2230466940293688	0.6979380499092056	-0.6805385005798744	0.2778490284403645
-0.5014598348652132	0.6808206652121473	0.533873820145774	-1.0779876581708168
0.8359355275973869	0.2221839335078588	0.5018426978560642	1.60699454177175
0.0	0.0	0.0	1.0
37	41	57
0.922291799160537	0.2044717468643389	-0.32797734972931497	-0.08756708937296664
-0.07964594764952415	0.9309312271772632	0.35640366621184416	-0.9790226179136192
0.3781988368890482	-0.3025861117111625	0.8748755824546088	1.6293188062662964
0.0	0.0	0.0	1.0
37	42	57
0.3058619064170454	-0.7591165740914887	0.5746220680956594	0.013006029468527691
0.6866069341736261	0.5939857208182033	0.4192277202294408	-0.9625041510007645
-0.6595600140606048	0.26631370675142085	0.7028923085713018	1.4945124226212174
0.0	0.0	0.0	1.0
37	55	57
0.8235828906245386	-0.4265715908054026	0.3738287043396702	0.4478208519305956
0.3383720189736484	0.8984647872700349	0.27975954462986286	-0.10967542431102856
-0.45520940131573007	-0.10391200100834969	0.8843001170418419	0.07290058144161704
0.0	0.0	0.0	1.0
37	56	57
-0.3448489987317219	0.2493205373498736	-0.9049411239021571	2.0315911454665314
-0.46950954609593104	0.7889943889858952	0.3962936288581578	-1.5173290479756463
0.8127976096166388	0.56153995744234	-0.15502555272319993	1.6600928035172542
0.0	0.0	0.0	1.0
38	55	57
-0.8970739489175701	-0.15284524582276343	0.4146042221237217	-1.4901220008190208
0.4036188287429682	0.09848371471955847	0.9096113450365444	-0.874011667924073
-0.17986153356844203	0.983330711797621	-0.026655955769630757	1.4326296172354835
0.0	0.0	0.0	1.0
40	41	57
0.5070923380888973	-0.6703824304772117	0.5417054158479517	-0.047618217996204026
0.1228956788219316	0.6783248831937063	0.7244114887045502	0.19121213538841264
-0.8530849973938311	-0.300770260743498	0.4263604548663675	0.6721999885393566
0.0	0.0	0.0	1.0
41	42	57
0.988868675386283	0.1333825080793457	-0.0659382239542471	-0.7326211167112522
-0.1311993422321846	0.9906868426177562	0.03641857303495033	1.2195060737148435
0.07018173150912835	-0.027362134465773957	0.9971588831073299	-0.7472921301855866
0.0	0.0	0.0	1.0
41	53	57
-0.11185384802788101	0.8724709709822486	-0.4756922550080561	1.1622676648225203
-0.5764132711387546	0.33297124202306905	0.7462425161036702	-1.5457425555266704
0.8094667735839921	0.35766542575276705	0.46565973165457974	0.8542778995738115
0.0	0.0	0.0	1.0
41	55	57
0.456752561878764	0.20930829392721592	-0.8646196477703149	1.3284589785130447
0.4771637737885638	-0.877924342091228	0.039542161644768925	-1.0419570326854513
-0.7507941330358422	-0.4306261576552942	-0.5008685278014533	1.8385282248928618
0.0	0.0	0.0	1.0
42	53	57
0.23093148566400626	-0.6302408375997561	0.7412605045128015	-0.698346720632087
0.8370696533049804	0.5170449189685365	0.17882658439029953	-0.08538018737104289
-0.49596879382164366	0.5791899847117332	0.6469574307206973	0.13680210151497185
0.0	0.0	0.0	1.0
42	55	57
-0.47489003764185467	0.788157317746251	-0.3915194690325814	0.2607880302147805
-0.5629417339083876	0.06990308517772331	0.823535161912869	-1.5818928936673489
0.676443683075492	0.6114912927962858	0.4104903682933275	1.1092005976585158
0.0	0.0	0.0	1.0
43	45	57
0.8827734943952619	-0.23957653898258857	0.40412131787657846	-0.0589336894344869
0.3687126841444404	0.8863863958766784	-0.27994662661970826	-0.40055022991427114
-0.2911389945441532	0.3961341176595069	0.8708133248187826	0.2916007553722617
0.0	0.0	0.0	1.0
43	48	57
0.9713972918048175	0.06314371092435725	-0.22891084125695832	0.03625651245682959
-0.22010017268083237	0.6012353194076037	-0.7681614444130256	-0.6761000124652404
0.08912471856973757	0.7965732624608606	0.5979363026881095	0.2912925511894038
0.0	0.0	0.0	1.0
43	49	57
0.23169131791885766	0.7104686045624723	-0.664494917310942	-0.3574010206601774
-0.6741935976817051	0.6096993388770359	0.41680895985799615	-1.0261525089752237
0.7012717918510784	0.35142720171318387	0.6202554279085508	0.8282095983729917
0.0	0.0	0.0	1.0
43	53	57
0.7926900574417647	-0.4181544468774888	0.4436094356408053	-0.38542478812236936
0.48057188838942	0.8763462665487967	-0.032678451551647725	0.37215891324648565
-0.3750908328962462	0.2390901078308501	0.8956242445437895	-0.38348482097169767
0.0	0.0	0.0	1.0
43	55	57
-0.8839898935647452	0.4614764363959008	-0.07484227900545812	-0.6920324751062901
-0.14416255173190487	-0.11678899558876907	0.9826380255147427	-1.1401045470276214
0.4447235396890259	0.8794315375063068	0.16976791241502867	1.0309078961624514
0.0	0.0	0.0	1.0
44	45	57
0.6377371186366153	-0.5275615038815775	0.561222083613319	0.07450348309986354
0.12220531463644799	0.7886912570633832	0.6025213374697923	0.12315798372505882
-0.7604980135330232	-0.31566590036617653	0.5674485093454177	0.23595081563841713
0.0	0.0	0.0	1.0
44	47	57
-0.12121295661066245	-0.5787544887834473	0.8064432161427815	0.11259958211400789
0.11077851371000957	0.7994711646054884	0.5904015395174248	0.12061870044674228
-0.9864256383782326	0.16090089706821092	-0.032792701516373854	0.3384839433864413
0.0	0.0	0.0	1.0
44	52	57
0.9490130607744982	0.000742949890743333	0.3152358775661145	0.5456363722265609
-0.05446652180159514	0.9853441980899771	0.1616484125912032	0.0903479468356207
-0.31049574631909976	-0.17057625660061654	0.9351449792421846	0.1190349497870693
0.0	0.0	0.0	1.0
45	46	57
0.4193270033564298	-0.4663510489964035	0.7788976591029603	-0.13101101512608548
0.5875845659322739	0.7934418702057138	0.15872736526082065	-0.025501580325066442
-0.692032688631324	0.3911095725041952	0.606732280467495	0.006023934197435188
0.0	0.0	0.0	1.0
47	48	57
-0.02051149644196553	0.10001838018639689	-0.9947741462958316	-0.09151142476771668
-0.526788677517422	0.8445827177744878	0.09577954936261558	-0.22377772735801926
0.8497487674325614	0.5260003388416679	0.03536489481524976	0.07354850743989627
0.0	0.0	0.0	1.0
47	56	57
0.4628834497731089	0.06135113446220829	0.8842934751689313	-1.1371589473606696
0.4874683559781873	0.8155897319406692	-0.31174988544163196	0.27739300103901854
-0.740346887510219	0.575368948982431	0.34761625206653224	-0.3062229831609762
0.0	0.0	0.0	1.0
48	49	57
0.4246318437722715	0.572749626636817	-0.7011744878715632	-0.25275395396284595
0.1795685546958406	0.7057999727060651	0.6852747862664769	0.19838977021754167
0.8873798123796874	-0.41689838535967605	0.1968573210868395	0.6840723015765633
0.0	0.0	0.0	1.0
49	54	57
-0.044649561418665384	-0.20970164977509	0.9767454298570981	-2.12604769860997
0.7068759905975139	0.6842564284349357	0.17921906723965053	-0.9450158321777931
-0.7059268733954709	0.6984399460419429	0.11768131198717757	1.5777499364841385
0.0	0.0	0.0	1.0
50	55	57
0.9368690695671074	0.24948031453962083	-0.2450222829574374	0.0005551046729059261
-0.16375716019023334	0.9321390685451382	0.32295564614700994	0.009211978180849067
0.30896591879185115	-0.2624430024767555	0.9141464496874079	0.16809761142743196
0.0	0.0	0.0	1.0
