0	1	55
0.9881982803344727	0.10847651213407516	0.10815304517745972	-0.32549816370010376
-0.10331546515226364	0.99327552318573	-0.05224928259849548	0.12362141162157059
-0.1130935549736023	0.04045867919921875	0.9927603006362915	-0.1642167568206787
0.0	0.0	0.0	1.0
0	2	55
0.9977749586105347	0.021545536816120148	-0.06309475004673004	-0.5408955812454224
-0.006314173340797424	0.9726282358169556	0.23228099942207336	-0.01151837408542633
0.06637239456176758	-0.23136594891548157	0.9706001877784729	-0.4027369022369385
0.0	0.0	0.0	1.0
0	3	55
0.9968802332878113	0.07856839895248413	-0.007545530796051025	-0.5704306364059448
-0.07881173491477966	0.9855959415435791	-0.14963239431381226	0.06019972264766693
-0.004319533705711365	0.14976009726524353	0.9887129664421082	-0.1342771053314209
0.0	0.0	0.0	1.0
0	10	55
0.8935604691505432	-0.05800477787852287	0.4451802670955658	-0.5052334070205688
-0.03934624791145325	0.9776841998100281	0.20636296272277832	-0.24794451892375946
-0.4472156763076782	-0.2019140124320984	0.8713375329971313	-0.37064146995544434
0.0	0.0	0.0	1.0
0	19	55
0.054342120885849	-0.18322820961475372	0.9815671443939209	-1.776902675628662
0.16512155532836914	0.9711344242095947	0.17213928699493408	-0.6422301530838013
-0.9847747087478638	0.15272371470928192	0.08302861452102661	2.311525583267212
0.0	0.0	0.0	1.0
0	35	55
0.9224978089332581	-0.02558082342147827	0.38515353202819824	-2.0819146633148193
-0.002238605171442032	0.997430145740509	0.07160857319831848	0.10039790719747543
-0.3859958052635193	-0.06692108511924744	0.9200700521469116	-0.08347439765930176
0.0	0.0	0.0	1.0
0	36	55
0.33588001132011414	-0.21491435170173645	0.9170583486557007	-1.6156598329544067
0.17006656527519226	0.9714573621749878	0.16537463665008545	-0.027716785669326782
-0.9264243841171265	0.1004146933555603	0.3628428876399994	0.5327281951904297
0.0	0.0	0.0	1.0
0	43	55
0.9967405796051025	0.025445833802223206	0.07655569911003113	0.3431141674518585
-0.06584367156028748	0.8049084544181824	0.5897347331047058	-0.3918016254901886
-0.046614110469818115	-0.5928534269332886	0.8039604425430298	-0.7087540626525879
0.0	0.0	0.0	1.0
0	44	55
0.9766660928726196	-0.16456946730613708	0.13798564672470093	0.3643767833709717
0.11438103020191193	0.9423895478248596	0.31435462832450867	-0.3550164997577667
-0.18176954984664917	-0.2912364900112152	0.9392237663269043	-0.7169783115386963
0.0	0.0	0.0	1.0
0	45	55
0.998178243637085	0.06004944443702698	0.00583513081073761	0.27132314443588257
-0.06009715795516968	0.9810960292816162	0.18395289778709412	-0.1415238082408905
0.005321398377418518	-0.18396860361099243	0.9829177856445312	-0.646780252456665
0.0	0.0	0.0	1.0
0	54	55
0.8858007788658142	0.23834306001663208	-0.39818355441093445	0.12411385774612427
-0.14638060331344604	0.9577313661575317	0.24763557314872742	-0.031565845012664795
0.44037508964538574	-0.16106951236724854	0.8832478523254395	-0.25386571884155273
0.0	0.0	0.0	1.0
1	2	55
0.9770435690879822	-0.06542743742465973	-0.20274487137794495	-0.1511334776878357
0.11797543615102768	0.9585952162742615	0.25918546319007874	-0.1630919873714447
0.1773923933506012	-0.27715444564819336	0.9443079233169556	-0.2493598461151123
0.0	0.0	0.0	1.0
1	3	55
0.9928756356239319	-0.03298742324113846	-0.11449737846851349	-0.21359607577323914
0.021544814109802246	0.9947769641876221	-0.09977373480796814	-0.11199487745761871
0.1171906515955925	0.09659615159034729	0.9884005784988403	0.006704092025756836
0.0	0.0	0.0	1.0
1	10	55
0.935335099697113	-0.1448477953672409	0.3227500319480896	-0.1188562661409378
0.048791080713272095	0.9564340114593506	0.28784310817718506	-0.39129638671875
-0.35038262605667114	-0.2534826695919037	0.9016534090042114	-0.20072078704833984
0.0	0.0	0.0	1.0
1	11	55
0.9150493741035461	0.27377426624298096	-0.2961965501308441	-0.47173184156417847
-0.15966641902923584	0.9202364683151245	0.3573113679885864	-0.4209892451763153
0.3703933656215668	-0.27966493368148804	0.8857742547988892	0.1755387783050537
0.0	0.0	0.0	1.0
1	35	55
0.9481036067008972	-0.06199754774570465	0.3118581771850586	-1.7875065803527832
0.017715901136398315	0.9895829558372498	0.14287006855010986	-0.16468927264213562
-0.3174670934677124	-0.12993070483207703	0.9393255710601807	-0.08019232749938965
0.0	0.0	0.0	1.0
1	43	55
0.9957624673843384	0.01390831172466278	-0.09090498089790344	0.8211680054664612
0.04750603437423706	0.7685950994491577	0.6379693150520325	-0.4966221749782562
0.0787421241402626	-0.6395846009254456	0.7646772861480713	-0.4153320789337158
0.0	0.0	0.0	1.0
1	44	55
0.9739483594894409	-0.22623185813426971	-0.01560819149017334	0.8317077159881592
0.21590681374073029	0.9040476083755493	0.36889249086380005	-0.4320666193962097
-0.06934474408626556	-0.3626522123813629	0.9293410181999207	-0.433290958404541
0.0	0.0	0.0	1.0
1	45	55
0.9902182221412659	-0.03575834631919861	-0.13486847281455994	0.7032727599143982
0.06516793370246887	0.9732224941253662	0.2204340398311615	-0.20688354969024658
0.12337460368871689	-0.2270667552947998	0.9660328030586243	-0.3911011219024658
0.0	0.0	0.0	1.0
1	54	55
0.8435357213020325	0.14519144594669342	-0.5170751214027405	0.46973544359207153
-0.025476455688476562	0.9724989533424377	0.2315104901790619	-0.09362876415252686
0.5364683866500854	-0.18211400508880615	0.8240363597869873	-0.03837227821350098
0.0	0.0	0.0	1.0
2	3	55
0.995152473449707	0.08367374539375305	0.05167298763990402	0.01423153281211853
-0.05906981602311134	0.9286669492721558	-0.3661804497241974	-0.007924914360046387
-0.07862672209739685	0.3613533079624176	0.9291077852249146	0.27199721336364746
0.0	0.0	0.0	1.0
2	10	55
0.8483424186706543	-0.07866765558719635	0.5235709547996521	-0.02934938669204712
0.08382505178451538	0.996383786201477	0.013887166976928711	-0.24742767214775085
-0.5227701663970947	0.03210720419883728	0.8518689870834351	-0.007252931594848633
0.0	0.0	0.0	1.0
2	11	55
0.9350076913833618	0.33553072810173035	-0.11480046808719635	-0.2191544473171234
-0.32289642095565796	0.9393490552902222	0.1155899167060852	-0.3369213938713074
0.14662182331085205	-0.0710088312625885	0.986640453338623	0.39895176887512207
0.0	0.0	0.0	1.0
2	34	55
0.9594663977622986	-0.05082860589027405	0.27720144391059875	-1.6570385694503784
0.031179919838905334	0.9967081546783447	0.07483747601509094	0.26256662607192993
-0.28009265661239624	-0.06316083669662476	0.957892894744873	0.05728292465209961
0.0	0.0	0.0	1.0
2	35	55
0.8970745801925659	-0.01829381287097931	0.4415004551410675	-1.5048483610153198
0.0897383838891983	0.9858642220497131	-0.14148759841918945	0.025597065687179565
-0.43267112970352173	0.1665446162223816	0.8860353231430054	0.43293285369873047
0.0	0.0	0.0	1.0
2	43	55
0.9911156296730042	-0.018857136368751526	0.13165846467018127	0.845065176486969
-0.03683742880821228	0.9122526049613953	0.4079686999320984	-0.3364739418029785
-0.1277988702058792	-0.4091941714286804	0.90345299243927	-0.43559741973876953
0.0	0.0	0.0	1.0
2	44	55
0.9588840007781982	-0.19915947318077087	0.20218132436275482	0.8650951981544495
0.18419098854064941	0.9787130951881409	0.09052357077598572	-0.23252220451831818
-0.2159060835838318	-0.049561917781829834	0.9751556515693665	-0.4371798038482666
0.0	0.0	0.0	1.0
2	45	55
0.996966540813446	0.03339791297912598	0.07029872387647629	0.8002355098724365
-0.03005029261112213	0.9983876943588257	-0.048152774572372437	-0.05256086587905884
-0.07179354131221771	0.045894235372543335	0.9963630437850952	-0.32002687454223633
0.0	0.0	0.0	1.0
2	46	55
0.8437023162841797	0.2906259298324585	-0.4513337314128876	0.5495871305465698
-0.29358726739883423	0.9536994695663452	0.06529413163661957	-0.1497654765844345
0.4494132995605469	0.07741692662239075	0.8899629712104797	0.1486682891845703
0.0	0.0	0.0	1.0
2	53	55
0.7945296764373779	0.27084794640541077	-0.5434739589691162	0.3303002417087555
-0.3106710910797119	0.9503190517425537	0.019420430064201355	-0.029050610959529877
0.5217335224151611	0.15341171622276306	0.8392013907432556	0.08486533164978027
0.0	0.0	0.0	1.0
2	54	55
0.9130420088768005	0.23213471472263336	-0.33536186814308167	0.6547021269798279
-0.2351221740245819	0.9714294672012329	0.03228175640106201	-0.04289095103740692
0.3332742154598236	0.049376606941223145	0.9415360689163208	0.09944963455200195
0.0	0.0	0.0	1.0
3	10	55
0.8898302912712097	-0.13722893595695496	0.43516719341278076	0.04722917079925537
-0.031512513756752014	0.9329443573951721	0.3586385250091553	-0.3023530840873718
-0.4552024304866791	-0.3328409194946289	0.8258378505706787	-0.1814565658569336
0.0	0.0	0.0	1.0
3	35	55
0.9190342426300049	-0.11225391924381256	0.3778563439846039	-1.51213538646698
0.02418633922934532	0.9728458523750305	0.2301870584487915	-0.055254191160202026
-0.3934352397918701	-0.20241066813468933	0.8967934846878052	0.056847572326660156
0.0	0.0	0.0	1.0
3	45	55
0.9995508193969727	-0.02856268361210823	-0.00906423106789589	0.829906165599823
0.02996482327580452	0.9494473934173584	0.31249305605888367	-0.15896201133728027
-0.00031981896609067917	-0.3126242458820343	0.9498769044876099	-0.48779821395874023
0.0	0.0	0.0	1.0
3	54	55
0.9015048146247864	0.14953413605690002	-0.4061145484447479	0.6537386178970337
-0.007026016712188721	0.9433420300483704	0.331748366355896	-0.01797279715538025
0.4327126741409302	-0.29621899127960205	0.8514779806137085	-0.13042497634887695
0.0	0.0	0.0	1.0
4	5	55
0.9250199794769287	-0.030126698315143585	0.37872132658958435	0.22469562292099
0.026987016201019287	0.9995430707931519	0.013596907258033752	-0.009907498955726624
-0.3789580762386322	-0.0023567229509353638	0.9254106283187866	0.10428893566131592
0.0	0.0	0.0	1.0
4	6	55
0.9187631011009216	-0.09265393018722534	0.3837833106517792	0.43380215764045715
0.06287500262260437	0.9940042495727539	0.08945450186729431	0.07161882519721985
-0.38977065682411194	-0.058057308197021484	0.9190801382064819	-0.32430338859558105
0.0	0.0	0.0	1.0
4	9	55
0.9689304828643799	0.22171324491500854	-0.10962069034576416	0.6740679740905762
-0.14924181997776031	0.8775292634963989	0.45570701360702515	-0.3130873739719391
0.19723165035247803	-0.42518875002861023	0.883353590965271	-0.19974446296691895
0.0	0.0	0.0	1.0
4	10	55
0.8040317296981812	0.32393354177474976	-0.4985983669757843	0.5591469407081604
-0.14039605855941772	0.9182827472686768	0.3701971769332886	-0.31277233362197876
0.57777339220047	-0.22764910757541656	0.7838074564933777	-0.24438691139221191
0.0	0.0	0.0	1.0
4	18	55
0.4352341294288635	-0.24171409010887146	0.8672631978988647	-2.410907506942749
0.0660916268825531	0.9692649841308594	0.2369750738143921	0.03648553788661957
-0.8978881239891052	-0.04582089185714722	0.43783271312713623	-0.36571335792541504
0.0	0.0	0.0	1.0
4	19	55
0.9111096858978271	-0.02016153186559677	0.4116702675819397	-2.382545232772827
-0.054402049630880356	0.9841813445091248	0.16860297322273254	-0.131307452917099
-0.4085575342178345	-0.17601147294044495	0.8956006765365601	-0.11603403091430664
0.0	0.0	0.0	1.0
4	20	55
0.5677069425582886	-0.044736601412296295	0.8220144510269165	-2.3327531814575195
0.026710176840424538	0.998997688293457	0.03592170402407646	-0.042201098054647446
-0.822797417640686	0.0015632472932338715	0.5683325529098511	-0.23136472702026367
0.0	0.0	0.0	1.0
4	36	55
0.9890751242637634	-0.012988358736038208	0.14683932065963745	-0.687762975692749
-0.02252332866191864	0.9710993766784668	0.2376086562871933	0.062132030725479126
-0.1456817090511322	-0.2383202314376831	0.9601979851722717	-0.8080310821533203
0.0	0.0	0.0	1.0
4	37	55
0.7620849013328552	-0.22941766679286957	0.6054707765579224	-0.18342864513397217
0.0856640636920929	0.9626271724700928	0.25692474842071533	-0.020560353994369507
-0.6417856216430664	-0.14393135905265808	0.7532562017440796	-0.13078296184539795
0.0	0.0	0.0	1.0
5	6	55
0.9990003705024719	-0.03871619701385498	0.02234286069869995	0.3627278208732605
0.03649814426898956	0.9950580596923828	0.09234263002872467	0.035361915826797485
-0.02580757439136505	-0.09143494069576263	0.9954767227172852	-0.31239426136016846
0.0	0.0	0.0	1.0
5	7	55
0.9928059577941895	0.10848977416753769	0.050663262605667114	0.6875432729721069
-0.1191142275929451	0.9379570484161377	0.32565075159072876	-0.038800567388534546
-0.012190252542495728	-0.32934263348579407	0.9441318511962891	-0.29179441928863525
0.0	0.0	0.0	1.0
5	8	55
0.9714634418487549	0.18595664203166962	-0.14723828434944153	0.6329935193061829
-0.07672575116157532	0.8337565064430237	0.5467756986618042	-0.32744747400283813
0.2244374006986618	-0.5198757648468018	0.8242314457893372	-0.12431955337524414
0.0	0.0	0.0	1.0
5	9	55
0.8350058794021606	0.37473464012145996	-0.4029139280319214	0.4670037031173706
-0.19654220342636108	0.8870682716369629	0.41770994663238525	-0.24434572458267212
0.5139425992965698	-0.26960068941116333	0.814358115196228	-0.15655827522277832
0.0	0.0	0.0	1.0
5	37	55
0.9559289216995239	-0.10169833898544312	0.275422066450119	-0.27041786909103394
0.029884696006774902	0.966923713684082	0.25330907106399536	-0.03694671392440796
-0.29207324981689453	-0.2339145839214325	0.9273495674133301	-0.3653128147125244
0.0	0.0	0.0	1.0
5	38	55
0.9597033262252808	-0.12091729044914246	0.2536696195602417	0.27122780680656433
0.041616346687078476	0.9538930058479309	0.29724809527397156	-0.09848260879516602
-0.2779161334037781	-0.2747134566307068	0.920486569404602	0.0958707332611084
0.0	0.0	0.0	1.0
5	39	55
0.9261316657066345	0.20944108068943024	-0.31371212005615234	0.7057845592498779
-0.07796239852905273	0.9200108051300049	0.38406118750572205	-0.13883274793624878
0.3690565228462219	-0.3312337100505829	0.8683789372444153	0.4092109203338623
0.0	0.0	0.0	1.0
5	40	55
0.9245233535766602	0.29079580307006836	-0.24636219441890717	1.003448486328125
-0.0863153338432312	0.7893680334091187	0.607822060585022	-0.30848151445388794
0.3712225556373596	-0.5406808257102966	0.7548893690109253	0.38094162940979004
0.0	0.0	0.0	1.0
5	41	55
0.9108403921127319	0.37310415506362915	-0.17652979493141174	0.8451602458953857
-0.10216272622346878	0.618161141872406	0.7793841361999512	-0.5793502330780029
0.3999154269695282	-0.6918599009513855	0.6011635065078735	0.5376240015029907
0.0	0.0	0.0	1.0
6	7	55
0.9881110787391663	0.15125329792499542	0.027545757591724396	0.33510786294937134
-0.15360289812088013	0.9636520147323608	0.21858853101730347	-0.07403375208377838
0.006517742294818163	-0.2202213704586029	0.9754282236099243	0.021540522575378418
0.0	0.0	0.0	1.0
6	8	55
0.9605851173400879	0.21364089846611023	-0.17786051332950592	0.3035666346549988
-0.11532936990261078	0.8884299397468567	0.44428735971450806	-0.36529794335365295
0.25293460488319397	-0.40626341104507446	0.8780514597892761	0.14849436283111572
0.0	0.0	0.0	1.0
6	9	55
0.7968904376029968	0.42426246404647827	-0.4300779700279236	0.13814866542816162
-0.2690715193748474	0.8866509199142456	0.3760986626148224	-0.35432499647140503
0.5408936738967896	-0.18398773670196533	0.8207206726074219	0.15246927738189697
0.0	0.0	0.0	1.0
6	37	55
0.9644163250923157	-0.054826460778713226	0.25864073634147644	-0.6261931657791138
0.01871332898736	0.9899640083312988	0.14007386565208435	-0.03331378102302551
-0.26372483372688293	-0.1302492916584015	0.955763578414917	-0.08079338073730469
0.0	0.0	0.0	1.0
6	38	55
0.9692140817642212	-0.06567598879337311	0.23729805648326874	-0.10258427262306213
0.015782233327627182	0.9783581495285034	0.20631518959999084	-0.17883995175361633
-0.24571236968040466	-0.1962183564901352	0.9492753148078918	0.3990894556045532
0.0	0.0	0.0	1.0
6	39	55
0.9139741659164429	0.2577584683895111	-0.313387930393219	0.31194910407066345
-0.16153734922409058	0.9396149516105652	0.30171138048171997	-0.2670774459838867
0.3722325265407562	-0.225132554769516	0.9004212617874146	0.695277214050293
0.0	0.0	0.0	1.0
6	40	55
0.9061034321784973	0.3508138656616211	-0.23644518852233887	0.6073746681213379
-0.1815134733915329	0.8272198438644409	0.5317516922950745	-0.4502353072166443
0.3821379244327545	-0.43890395760536194	0.8132243156433105	0.6562954187393188
0.0	0.0	0.0	1.0
6	41	55
0.8877978920936584	0.41461867094039917	-0.19976456463336945	0.4989062547683716
-0.17380282282829285	0.7039501667022705	0.6886559724807739	-0.6886470913887024
0.4261537492275238	-0.5766674280166626	0.6970272064208984	0.7566065788269043
0.0	0.0	0.0	1.0
7	8	55
0.9685746431350708	0.08533179759979248	-0.23362693190574646	0.004210472106933594
-0.03610207140445709	0.9775916934013367	0.20739024877548218	-0.3174412250518799
0.24608884751796722	-0.19243839383125305	0.9499515891075134	0.06293189525604248
0.0	0.0	0.0	1.0
7	37	55
0.9520009756088257	-0.19571831822395325	0.23534709215164185	-0.9551142454147339
0.21265845000743866	0.9759153723716736	-0.048636436462402344	-0.06054180860519409
-0.22015982866287231	0.09635043144226074	0.9706937074661255	-0.114982008934021
0.0	0.0	0.0	1.0
7	38	55
0.9551559686660767	-0.20992469787597656	0.20882707834243774	-0.4144520163536072
0.21300259232521057	0.9770195484161377	0.00790071114897728	-0.24323226511478424
-0.2056867629289627	0.03693433851003647	0.9779205918312073	0.3240095376968384
0.0	0.0	0.0	1.0
7	39	55
0.9319921731948853	0.10715936869382858	-0.34627676010131836	0.008904606103897095
-0.10145018249750137	0.9942376613616943	0.03462855517864227	-0.3393265902996063
0.3479921221733093	0.002856343984603882	0.937493085861206	0.6077487468719482
0.0	0.0	0.0	1.0
7	40	55
0.9260476231575012	0.21848291158676147	-0.3077346086502075	0.3266635537147522
-0.12037867307662964	0.9437981843948364	0.30782127380371094	-0.48014891147613525
0.3576929569244385	-0.24801239371299744	0.9003030061721802	0.5476500988006592
0.0	0.0	0.0	1.0
7	41	55
0.9113731384277344	0.28797492384910583	-0.2940571904182434	0.25049978494644165
-0.11321616172790527	0.8623025417327881	0.49357450008392334	-0.75040602684021
0.39570337533950806	-0.4165385961532593	0.8184829950332642	0.5981106758117676
0.0	0.0	0.0	1.0
8	9	55
0.9351315498352051	0.24777889251708984	-0.25324881076812744	-0.16418728232383728
-0.27643290162086487	0.9573491215705872	-0.08406850695610046	-0.03366467356681824
0.22161714732646942	0.14862120151519775	0.9637415409088135	0.03531062602996826
0.0	0.0	0.0	1.0
8	36	55
0.9966815710067749	-0.07636432349681854	-0.028188742697238922	-1.375424861907959
0.06368158757686615	0.9471778273582458	-0.31432315707206726	0.587641716003418
0.0507027804851532	0.31148508191108704	0.9488974809646606	-0.5088901519775391
0.0	0.0	0.0	1.0
8	37	55
0.8649977445602417	-0.20093458890914917	0.4597870111465454	-0.9668116569519043
0.3309940993785858	0.9171769022941589	-0.2218780517578125	0.21336005628108978
-0.37712299823760986	0.3441106379032135	0.8598639965057373	0.10881972312927246
0.0	0.0	0.0	1.0
8	38	55
0.8744599223136902	-0.23131005465984344	0.4263975918292999	-0.31400635838508606
0.32819658517837524	0.9293869733810425	-0.16889968514442444	-0.006274893879890442
-0.3572199046611786	0.2876383066177368	0.8886270523071289	0.3593413829803467
0.0	0.0	0.0	1.0
8	39	55
0.9922691583633423	0.0652938187122345	-0.10553711652755737	0.13784319162368774
-0.08155840635299683	0.9840662479400635	-0.15799444913864136	-0.14604459702968597
0.09353959560394287	0.16538044810295105	0.9817840456962585	0.5191712379455566
0.0	0.0	0.0	1.0
8	40	55
0.9867485761642456	0.12706473469734192	-0.10090258717536926	0.45925456285476685
-0.11706149578094482	0.9881221652030945	0.09955395758152008	-0.22371874749660492
0.11235394328832626	-0.08642254769802094	0.9899030327796936	0.36254727840423584
0.0	0.0	0.0	1.0
8	41	55
0.9817361831665039	0.15921606123447418	-0.10413672029972076	0.3892844319343567
-0.12254150956869125	0.9479091167449951	0.2940269708633423	-0.4987311363220215
0.14552602171897888	-0.2758958637714386	0.950107216835022	0.36677658557891846
0.0	0.0	0.0	1.0
8	42	55
0.6033442616462708	0.6941724419593811	-0.392555296421051	0.1860182285308838
-0.5388370156288147	0.717737078666687	0.44103071093559265	-0.479096919298172
0.5879027247428894	-0.054570235311985016	0.8070885539054871	0.39192891120910645
0.0	0.0	0.0	1.0
9	10	55
0.9177096486091614	0.16887211799621582	-0.3595708906650543	-0.1785861849784851
-0.2273615002632141	0.965516209602356	-0.12682652473449707	0.02693474292755127
0.32575374841690063	0.1981428861618042	0.9244585633277893	-0.027004480361938477
0.0	0.0	0.0	1.0
9	20	55
0.39159342646598816	-0.16365846991539001	0.9054669737815857	-2.976926326751709
0.4942771792411804	0.8674349188804626	-0.05697903037071228	-0.3391208052635193
-0.7761086225509644	0.46986424922943115	0.4205743670463562	0.4433354139328003
0.0	0.0	0.0	1.0
9	36	55
0.9364022016525269	-0.16213124990463257	0.31123074889183044	-1.5140141248703003
0.23077885806560516	0.9526293277740479	-0.19808797538280487	0.3581688106060028
-0.26437118649482727	0.2573154866695404	0.929460346698761	-0.18682575225830078
0.0	0.0	0.0	1.0
9	43	55
0.6653813123703003	0.5348840951919556	-0.5207374095916748	0.5949803590774536
-0.38931840658187866	0.843830943107605	0.3692971467971802	-0.3521484434604645
0.636945366859436	-0.04299101233482361	0.7697094678878784	0.30582308769226074
0.0	0.0	0.0	1.0
9	44	55
0.7956603169441223	0.17421239614486694	-0.5801505446434021	0.5810470581054688
-0.17484518885612488	0.983036458492279	0.05539911985397339	-0.2894176244735718
0.5799605250358582	0.057357728481292725	0.8126230239868164	0.2833669185638428
0.0	0.0	0.0	1.0
9	45	55
0.6448278427124023	0.23398105800151825	-0.7276331782341003	0.5276309847831726
-0.37755030393600464	0.9252472519874573	-0.03705810755491257	-0.04620687663555145
0.664569616317749	0.2986142635345459	0.6849647760391235	0.378808856010437
0.0	0.0	0.0	1.0
10	18	55
-0.1604113131761551	-0.3501265048980713	0.9228647351264954	-2.4873056411743164
0.40785789489746094	0.8279078006744385	0.384994238615036	-0.5799070000648499
-0.8988439440727234	0.43815526366233826	0.009995877742767334	1.4944894313812256
0.0	0.0	0.0	1.0
10	19	55
0.48541179299354553	-0.27481400966644287	0.8299716114997864	-2.335749387741089
0.3719109892845154	0.9240446090698242	0.08844944834709167	-0.844697117805481
-0.7912379503250122	0.2657412886619568	0.5507484674453735	1.6649742126464844
0.0	0.0	0.0	1.0
10	20	55
-0.025101790204644203	-0.1640445590019226	0.9861334562301636	-2.3463900089263916
0.4058680236339569	0.8998143672943115	0.1600164771080017	-0.6563262343406677
-0.9135867357254028	0.4042571187019348	0.043993279337882996	1.575078010559082
0.0	0.0	0.0	1.0
10	35	55
0.9960567951202393	-0.029003888368606567	-0.0838431864976883	-1.5138925313949585
0.017268992960453033	0.9903597235679626	-0.13743966817855835	0.36808982491493225
0.08702124655246735	0.13544973731040955	0.9869552254676819	-0.39273715019226074
0.0	0.0	0.0	1.0
10	36	55
0.7151952385902405	-0.26137158274650574	0.6482132077217102	-1.3920230865478516
0.31609973311424255	0.9481328129768372	0.03354136645793915	0.09809620678424835
-0.623358964920044	0.18091124296188354	0.7607195377349854	0.32679080963134766
0.0	0.0	0.0	1.0
10	43	55
0.9130781888961792	0.26776355504989624	-0.3075564503669739	0.9018344879150391
-0.12036487460136414	0.8975784778594971	0.4241049289703369	-0.1727428138256073
0.3896159827709198	-0.35022205114364624	0.8517886400222778	0.060317039489746094
0.0	0.0	0.0	1.0
10	44	55
0.9516891837120056	-0.03915448486804962	-0.3045565187931061	0.9233753681182861
0.07701869308948517	0.9905686378479004	0.11332139372825623	-0.10817179828882217
0.2972472608089447	-0.1313035786151886	0.9457292556762695	0.06102395057678223
0.0	0.0	0.0	1.0
10	45	55
0.8896178007125854	0.09148451685905457	-0.4474486708641052	0.8313154578208923
-0.11184126138687134	0.9935400485992432	-0.019225388765335083	0.11635764688253403
0.4427994191646576	0.06714659929275513	0.8941028118133545	0.13498139381408691
0.0	0.0	0.0	1.0
10	54	55
0.5860859751701355	0.25570452213287354	-0.7688420414924622	0.5337619781494141
-0.2919902205467224	0.9517940282821655	0.09396806359291077	0.14018568396568298
0.7558073401451111	0.16942092776298523	0.6324964761734009	0.44272541999816895
0.0	0.0	0.0	1.0
11	34	55
0.8534353971481323	-0.3772065341472626	0.35967063903808594	-1.5402358770370483
0.37157291173934937	0.9242576360702515	0.08764278888702393	0.12966449558734894
-0.3654879033565521	0.05884653329849243	0.9289540648460388	-0.13595962524414062
0.0	0.0	0.0	1.0
11	35	55
0.7570843696594238	-0.3108540177345276	0.5746244788169861	-1.289401650428772
0.4141983985900879	0.9085707068443298	-0.054209738969802856	-0.07822301238775253
-0.5052357912063599	0.27904999256134033	0.8166199326515198	0.19425606727600098
0.0	0.0	0.0	1.0
11	46	55
0.94269198179245	-0.02112467586994171	-0.3329949975013733	0.6815325021743774
-0.033868610858917236	0.9867813587188721	-0.15847992897033691	0.4699690043926239
0.3319409489631653	0.16067591309547424	0.9295153617858887	-0.29708409309387207
0.0	0.0	0.0	1.0
11	47	55
0.7835195064544678	0.09727206826210022	-0.6137061715126038	0.16278642416000366
-0.13780435919761658	0.9902775883674622	-0.018976330757141113	0.27969884872436523
0.6058937907218933	0.09943974018096924	0.7893063426017761	-0.1241307258605957
0.0	0.0	0.0	1.0
11	53	55
0.9165679216384888	-0.03184466063976288	-0.3986089825630188	0.37775734066963196
-0.062434762716293335	0.9732024669647217	-0.22131240367889404	0.4853886067867279
0.3949747681617737	0.2277347445487976	0.8900178670883179	-0.3242454528808594
0.0	0.0	0.0	1.0
11	54	55
0.9804631471633911	-0.09121529757976532	-0.17427527904510498	0.6444377899169922
0.0657615065574646	0.9870039224624634	-0.14662423729896545	0.5847345590591431
0.18538469076156616	0.13229885697364807	0.9737195372581482	-0.36933183670043945
0.0	0.0	0.0	1.0
12	13	55
0.8468800783157349	0.2853337526321411	-0.44875282049179077	-0.10590773820877075
-0.27676957845687866	0.9570605158805847	0.08621949702501297	-0.3654136061668396
0.4540848433971405	0.0511835515499115	0.8894872069358826	0.6969922780990601
0.0	0.0	0.0	1.0
12	32	55
0.7681951522827148	-0.4869023263454437	0.41569510102272034	-1.4977202415466309
0.390677273273468	0.8709117770195007	0.2981334924697876	-0.4260944724082947
-0.5071957111358643	-0.06662186980247498	0.8592519164085388	1.2130993604660034
0.0	0.0	0.0	1.0
12	33	55
0.6112962961196899	-0.4800001382827759	0.6292193531990051	-1.8239259719848633
0.473125696182251	0.8589982986450195	0.19563806056976318	-0.2542429566383362
-0.6344046592712402	0.1781069040298462	0.752202570438385	0.8234630823135376
0.0	0.0	0.0	1.0
12	47	55
0.9431689381599426	-0.2023540735244751	0.2636002004146576	-0.7105834484100342
0.2325139045715332	0.9685660004615784	-0.08841602504253387	0.5934230089187622
-0.2374226450920105	0.14468196034431458	0.9605715870857239	-0.7003026008605957
0.0	0.0	0.0	1.0
12	48	55
0.9912697672843933	-0.12424500286579132	-0.04412628710269928	-1.0002340078353882
0.11707935482263565	0.9833811521530151	-0.13875862956047058	0.45167481899261475
0.060632988810539246	0.13238105177879333	0.9893426299095154	-0.4442634582519531
0.0	0.0	0.0	1.0
12	52	55
0.9972622394561768	-0.06778018176555634	0.02956041693687439	-1.0405993461608887
0.07354608178138733	0.9506847858428955	-0.3013133406639099	0.587152361869812
-0.007679373025894165	0.30266255140304565	0.9530670642852783	-0.7070300579071045
0.0	0.0	0.0	1.0
12	53	55
0.8453165292739868	-0.17732106149196625	0.5039814710617065	-0.7559143304824829
0.311273992061615	0.9301333427429199	-0.1948341429233551	0.8495082259178162
-0.43422189354896545	0.3215729594230652	0.8414527177810669	-1.0123467445373535
0.0	0.0	0.0	1.0
13	14	55
0.7597249150276184	0.2467368096113205	-0.6016138195991516	0.3354424238204956
-0.3589356541633606	0.9306116700172424	-0.07160124182701111	-0.20961609482765198
0.5422022938728333	0.2703379690647125	0.795571506023407	0.41580891609191895
0.0	0.0	0.0	1.0
13	24	55
0.6638186573982239	0.260002076625824	-0.7012442946434021	-0.15703070163726807
-0.39523905515670776	0.9179562926292419	-0.03379210829734802	-0.29286858439445496
0.6349255442619324	0.29959115386009216	0.7121199369430542	0.6507525444030762
0.0	0.0	0.0	1.0
13	25	55
0.9086620807647705	0.24979040026664734	-0.3345702886581421	-0.14054805040359497
-0.16234982013702393	0.9496235847473145	0.2680620551109314	-0.2841528654098511
0.38467520475387573	-0.1892603039741516	0.9034407734870911	0.7049999237060547
0.0	0.0	0.0	1.0
13	26	55
0.9884182214736938	-0.04709748923778534	-0.14426162838935852	-0.059925854206085205
0.03868119418621063	0.9974122047424316	-0.06060051918029785	-0.4728228747844696
0.1467425525188446	0.05431842803955078	0.9876821041107178	0.9890300035476685
0.0	0.0	0.0	1.0
13	47	55
0.6045750975608826	-0.37546464800834656	0.7025063037872314	-1.4790921211242676
0.4964611232280731	0.8673004508018494	0.0362880602478981	0.7024887800216675
-0.6229086518287659	0.32682812213897705	0.7107516527175903	-0.8366413116455078
0.0	0.0	0.0	1.0
13	48	55
0.8390441536903381	-0.2946664094924927	0.45735836029052734	-1.5078318119049072
0.3868139386177063	0.914237380027771	-0.12060356140136719	0.5590095520019531
-0.3825962543487549	0.2781042456626892	0.8810663819313049	-0.5279045104980469
0.0	0.0	0.0	1.0
13	49	55
0.996628999710083	-0.08201734721660614	-0.0018422827124595642	-1.611305832862854
0.07808999717235565	0.9553110003471375	-0.28510043025016785	0.41647884249687195
0.025143079459667206	0.28399571776390076	0.9584957957267761	-0.4071335792541504
0.0	0.0	0.0	1.0
13	51	55
0.9824368953704834	0.15252061188220978	0.10749480128288269	-2.326117992401123
-0.09231361746788025	0.8979291915893555	-0.43034982681274414	0.6797872185707092
-0.16215991973876953	0.4128684997558594	0.8962388038635254	-0.2609059810638428
0.0	0.0	0.0	1.0
13	52	55
0.8167518377304077	-0.16368412971496582	0.5532847046852112	-1.7231166362762451
0.35106661915779114	0.9019702672958374	-0.25140053033828735	0.6392133235931396
-0.45789605379104614	0.3995715379714966	0.7941497564315796	-0.7085504531860352
0.0	0.0	0.0	1.0
14	15	55
0.9286713004112244	0.1391720175743103	-0.34380269050598145	0.22171936929225922
-0.13485440611839294	0.9901903867721558	0.03656598925590515	0.0003092363476753235
0.34551936388015747	0.012405574321746826	0.9383296966552734	0.04463601112365723
0.0	0.0	0.0	1.0
14	16	55
0.8654757738113403	0.20324790477752686	-0.4578668475151062	0.2331092655658722
-0.18390695750713348	0.9790868759155273	0.08699128031730652	0.15997207164764404
0.46597230434417725	0.008915930986404419	0.884754478931427	-0.34444594383239746
0.0	0.0	0.0	1.0
14	23	55
0.8915529251098633	0.13340239226818085	-0.43282490968704224	-0.08059561252593994
-0.11804661154747009	0.991051971912384	0.062297284603118896	0.03592367097735405
0.43726253509521484	-0.004447907209396362	0.8993229866027832	0.14618492126464844
0.0	0.0	0.0	1.0
14	24	55
0.9912344813346863	0.016736909747123718	-0.1310495138168335	-0.22009572386741638
-0.01938582956790924	0.9996321797370911	-0.018963366746902466	-0.13661900162696838
0.1306839883327484	0.021337509155273438	0.991194486618042	0.49533867835998535
0.0	0.0	0.0	1.0
14	25	55
0.958497166633606	-0.25162824988365173	0.1340387612581253	-0.18335331976413727
0.1762605756521225	0.8925325870513916	0.4151118993759155	-0.11961042881011963
-0.22408774495124817	-0.3742578625679016	0.8998420238494873	0.522918701171875
0.0	0.0	0.0	1.0
14	26	55
0.8094576001167297	-0.36319810152053833	0.461373507976532	0.07667279243469238
0.3203895092010498	0.9316673278808594	0.17131023108959198	-0.18027308583259583
-0.49206599593162537	0.00915101170539856	0.8705099821090698	0.7111785411834717
0.0	0.0	0.0	1.0
14	49	55
0.7253273129463196	-0.25597983598709106	0.6390417218208313	-2.2160861492156982
0.33492380380630493	0.9422410726547241	-0.002714395523071289	-0.14568591117858887
-0.6014366149902344	0.21599914133548737	0.7691673040390015	0.5498347282409668
0.0	0.0	0.0	1.0
14	51	55
0.7859225273132324	-0.13216066360473633	0.6040357351303101	-2.4074668884277344
0.25418007373809814	0.9595875144004822	-0.12076476216316223	-0.1531442105770111
-0.5636648535728455	0.24844564497470856	0.7877539992332458	0.5330111980438232
0.0	0.0	0.0	1.0
15	16	55
0.9898199439048767	0.06103232502937317	-0.12857510149478912	-0.16513872146606445
-0.05818602070212364	0.9979730248451233	0.025781631469726562	0.17994284629821777
0.12988793849945068	-0.018038123846054077	0.991364598274231	-0.3541231155395508
0.0	0.0	0.0	1.0
15	22	55
0.9235715866088867	0.19758941233158112	-0.3285951018333435	-0.382804811000824
-0.12462031841278076	0.965155839920044	0.2300969660282135	0.32221710681915283
0.36261022090911865	-0.17156147956848145	0.9160137176513672	-0.5477557182312012
0.0	0.0	0.0	1.0
15	23	55
0.9946014881134033	-0.021682292222976685	-0.10147640854120255	-0.2603204846382141
0.022255003452301025	0.9997420907020569	0.0045146644115448	0.010889843106269836
0.1013522818684578	-0.006748557090759277	0.9948277473449707	0.20040559768676758
0.0	0.0	0.0	1.0
15	24	55
0.9689542055130005	-0.11300408840179443	0.2199040949344635	-0.23478877544403076
0.12065451592206955	0.9924587607383728	-0.02163112163543701	-0.1917232871055603
-0.21580149233341217	0.04749220609664917	0.9752814173698425	0.569615364074707
0.0	0.0	0.0	1.0
15	49	55
0.4116835594177246	-0.28622716665267944	0.8652113676071167	-2.0854170322418213
0.4238177239894867	0.9006161093711853	0.09627923369407654	-0.47933056950569153
-0.8067809343338013	0.3270549178123474	0.49207690358161926	1.337898850440979
0.0	0.0	0.0	1.0
15	50	55
0.6780100464820862	-0.12862129509449005	0.7237119674682617	-2.1176211833953857
0.3624853193759918	0.9150333404541016	-0.1769707202911377	-0.5426638722419739
-0.6394582390785217	0.3823229670524597	0.667025089263916	1.3770744800567627
0.0	0.0	0.0	1.0
15	51	55
0.49706321954727173	-0.1645747721195221	0.8519644737243652	-2.2606096267700195
0.3517524003982544	0.9357736110687256	-0.024459362030029297	-0.5177674293518066
-0.7932204008102417	0.3118382692337036	0.5230281949043274	1.373335599899292
0.0	0.0	0.0	1.0
16	17	55
0.9351701140403748	0.11820778250694275	-0.33389121294021606	-0.23570674657821655
-0.11841298639774323	0.9927666187286377	0.019816100597381592	0.13508020341396332
0.3338184356689453	0.02100539207458496	0.942403256893158	-0.2922322750091553
0.0	0.0	0.0	1.0
16	22	55
0.9681398868560791	0.11005307734012604	-0.22492924332618713	-0.23487603664398193
-0.06607119739055634	0.9786816835403442	0.1944645345211029	0.1229979544878006
0.24153557419776917	-0.17340725660324097	0.9547723531723022	-0.158217191696167
0.0	0.0	0.0	1.0
16	23	55
0.9971756339073181	-0.07336530089378357	0.01607268676161766	0.009866191074252129
0.07366256415843964	0.9971065521240234	-0.018757402896881104	-0.18788009881973267
-0.014650044962763786	0.019888222217559814	0.9996947050094604	0.5564217567443848
0.0	0.0	0.0	1.0
16	24	55
0.9229166507720947	-0.16315723955631256	0.34871795773506165	0.06097614765167236
0.18470212817192078	0.9823601245880127	-0.02920857071876526	-0.38301414251327515
-0.3378009796142578	0.09136632084846497	0.936772346496582	0.924322247505188
0.0	0.0	0.0	1.0
16	48	55
-0.1929612159729004	-0.3677768111228943	0.909673810005188	-1.7381975650787354
0.5069741606712341	0.756388783454895	0.41334426403045654	-0.6485357284545898
-0.8400852680206299	0.5409404039382935	0.040499746799468994	1.6017177104949951
0.0	0.0	0.0	1.0
16	49	55
0.2845951318740845	-0.28774726390838623	0.9144436120986938	-1.6447504758834839
0.45335036516189575	0.8808811902999878	0.13609367609024048	-0.7881421446800232
-0.8446767330169678	0.3758320212364197	0.38114476203918457	1.8974970579147339
0.0	0.0	0.0	1.0
16	51	55
0.3633996248245239	-0.16463658213615417	0.9169707894325256	-1.823036789894104
0.3859509229660034	0.9224323034286499	0.012663155794143677	-0.8357237577438354
-0.8479284048080444	0.34930387139320374	0.39875322580337524	1.9975388050079346
0.0	0.0	0.0	1.0
17	21	55
0.9453194737434387	0.16749781370162964	-0.2798498570919037	-0.254557728767395
-0.15894359350204468	0.9858556985855103	0.0531577467918396	0.03551460802555084
0.2847954332828522	-0.005770832300186157	0.9585709571838379	-0.0981440544128418
0.0	0.0	0.0	1.0
17	22	55
0.9931419491767883	-0.06870363652706146	0.0945974811911583	0.0375068336725235
0.04943222180008888	0.9799970388412476	0.19277554750442505	-0.021966472268104553
-0.10594962537288666	-0.1867775022983551	0.9766722917556763	0.12292647361755371
0.0	0.0	0.0	1.0
18	19	55
0.7727434635162354	0.19670307636260986	-0.6034694314002991	-0.25557470321655273
-0.2291509211063385	0.9731009602546692	0.02375781536102295	-0.200764000415802
0.5919101238250732	0.1199268251657486	0.7970322370529175	0.06850695610046387
0.0	0.0	0.0	1.0
18	20	55
0.989163339138031	0.031942903995513916	-0.1433013677597046	-0.1035451591014862
-0.05798185616731644	0.9816977977752686	-0.18140298128128052	-0.101558156311512
0.13488411903381348	0.18774619698524475	0.9729117751121521	0.10602164268493652
0.0	0.0	0.0	1.0
18	36	55
0.5781903266906738	0.2601437270641327	-0.7733185887336731	1.1225905418395996
-0.24481791257858276	0.9594500660896301	0.13971424102783203	-0.34031370282173157
0.7783063650131226	0.10854080319404602	0.6184321045875549	1.25337553024292
0.0	0.0	0.0	1.0
18	45	55
-0.5829066038131714	0.3423897624015808	-0.7368777990341187	0.9826675653457642
-0.19351229071617126	0.8222908973693848	0.5351547002792358	-1.1675375699996948
0.78915935754776	0.4545401930809021	-0.4130624234676361	3.313973903656006
0.0	0.0	0.0	1.0
19	20	55
0.8537040948867798	-0.10058677941560745	0.5109517574310303	0.11102229356765747
0.16137051582336426	0.9839699864387512	-0.07591365277767181	0.10991127043962479
-0.4951252341270447	0.14726042747497559	0.8562509417533875	-0.06049466133117676
0.0	0.0	0.0	1.0
19	35	55
0.345437228679657	0.29758837819099426	-0.8900080919265747	2.6734182834625244
-0.4178156554698944	0.8979768753051758	0.13808682560920715	0.4741162955760956
0.8402994871139526	0.3241589069366455	0.4345317482948303	-0.02642536163330078
0.0	0.0	0.0	1.0
19	36	55
0.9636175036430359	0.0613841712474823	-0.2601410448551178	1.829861044883728
-0.04773074388504028	0.9971466064453125	0.058486342430114746	0.26738035678863525
0.26298877596855164	-0.04394152760505676	0.9637975692749023	0.10573148727416992
0.0	0.0	0.0	1.0
20	36	55
0.6917561292648315	0.224025160074234	-0.6865028142929077	1.3914222717285156
-0.08285663276910782	0.9690068960189819	0.23272354900836945	0.013933241367340088
0.717362105846405	-0.10410675406455994	0.6888784766197205	0.99134361743927
0.0	0.0	0.0	1.0
21	22	55
0.9011929631233215	-0.2709912955760956	0.3382529020309448	0.3504270315170288
0.2152155637741089	0.9572086334228516	0.19347822666168213	0.007410407066345215
-0.376209557056427	-0.10156381130218506	0.9209511280059814	0.12863540649414062
0.0	0.0	0.0	1.0
22	23	55
0.9520434141159058	-0.14831724762916565	0.26760903000831604	0.41343894600868225
0.2018091231584549	0.9618158340454102	-0.1848863661289215	-0.4109354019165039
-0.22996886074543	0.23002612590789795	0.9456226229667664	0.5752918720245361
0.0	0.0	0.0	1.0
23	24	55
0.9472873210906982	-0.09483177959918976	0.30602866411209106	0.07642590999603271
0.1133323609828949	0.9926168918609619	-0.043220579624176025	-0.18544051051139832
-0.2996704578399658	0.07562518119812012	0.9510408043861389	0.3665328025817871
0.0	0.0	0.0	1.0
23	49	55
0.3352707028388977	-0.23904776573181152	0.9112902879714966	-1.7204195261001587
0.43030643463134766	0.899341344833374	0.0776003897190094	-0.4678753614425659
-0.8381111025810242	0.3661169409751892	0.4043862819671631	1.320959210395813
0.0	0.0	0.0	1.0
23	50	55
0.6086157560348511	-0.0777060016989708	0.7896510362625122	-1.75325608253479
0.3570423722267151	0.9155665636062622	-0.18508994579315186	-0.5498974323272705
-0.7085955739021301	0.39458736777305603	0.5849725604057312	1.3885164260864258
0.0	0.0	0.0	1.0
23	51	55
0.42640650272369385	-0.12350399792194366	0.8960602283477783	-1.8794612884521484
0.35025763511657715	0.9358951449394226	-0.03768226504325867	-0.5186989903450012
-0.8339643478393555	0.32992005348205566	0.44233033061027527	1.3574751615524292
0.0	0.0	0.0	1.0
24	25	55
0.9228397011756897	-0.3059336245059967	0.23403379321098328	0.0737314224243164
0.183392733335495	0.8832805156707764	0.43148908019065857	0.0209273099899292
-0.33872461318969727	-0.3552754521369934	0.871232271194458	0.020531654357910156
0.0	0.0	0.0	1.0
24	49	55
0.6262813806533813	-0.2421921044588089	0.7410227656364441	-1.9865862131118774
0.33487653732299805	0.9419349431991577	0.024833619594573975	-0.050129592418670654
-0.7040097117424011	0.23259814083576202	0.6710206270217896	0.337058424949646
0.0	0.0	0.0	1.0
24	50	55
0.847802996635437	-0.10210256278514862	0.5203895568847656	-2.0148041248321533
0.24512633681297302	0.9456189870834351	-0.21381817758083344	-0.1143680214881897
