0	1	60
0.830636203289032	-0.08172385394573212	0.5507856607437134	-0.01995682716369629
0.03246226906776428	0.9945956468582153	0.09861898422241211	-0.019129902124404907
-0.5558684468269348	-0.06403668969869614	0.8288001418113708	0.09800195693969727
0.0	0.0	0.0	1.0
0	51	60
-0.9128585457801819	-0.3959665894508362	-0.09949854016304016	0.21023446321487427
-0.3090831935405731	0.8294653296470642	-0.4652476906776428	1.4015238285064697
0.26675331592559814	-0.39395177364349365	-0.8795708417892456	3.6829745769500732
0.0	0.0	0.0	1.0
0	52	60
0.32563912868499756	0.2839997410774231	-0.9018334150314331	0.8702975511550903
-0.06854128837585449	0.9584035873413086	0.2770651578903198	-0.19579100608825684
0.9430065155029297	-0.028410673141479492	0.3315592408180237	1.6239477396011353
0.0	0.0	0.0	1.0
0	53	60
0.5427334904670715	0.448321133852005	-0.7102454900741577	0.5813813209533691
-0.14462386071681976	0.8828787803649902	0.44677653908729553	-0.21177643537521362
0.8273599743843079	-0.1397620141506195	0.5440056324005127	1.7206720113754272
0.0	0.0	0.0	1.0
0	54	60
0.7359312772750854	0.364187628030777	-0.5707650780677795	0.41449522972106934
-0.1113538146018982	0.896635890007019	0.42853879928588867	-0.25053131580352783
0.6678366661071777	-0.2518182396888733	0.7004156708717346	1.5403883457183838
0.0	0.0	0.0	1.0
0	55	60
0.7999041676521301	0.14771345257759094	-0.5816650390625	0.4150342345237732
-0.1012362539768219	0.9885579347610474	0.11182385683059692	-0.36109256744384766
0.5915274024009705	-0.030562713742256165	0.8057054281234741	1.4201531410217285
0.0	0.0	0.0	1.0
0	56	60
0.7224590182304382	0.024043932557106018	-0.6909956336021423	0.5699247121810913
-0.12076005339622498	0.9884218573570251	-0.09186549484729767	-0.48744893074035645
0.6807863712310791	0.1498139351606369	0.7169977426528931	1.4446804523468018
0.0	0.0	0.0	1.0
0	57	60
0.6848808526992798	-0.0054598283022642136	-0.7286345958709717	0.5939557552337646
-0.09022395312786102	0.9916412234306335	-0.09223689883947372	-0.3800361156463623
0.7230474948883057	0.12891161441802979	0.6786632537841797	0.94264817237854
0.0	0.0	0.0	1.0
0	58	60
0.9177847504615784	0.022789012640714645	-0.3964238464832306	0.31128615140914917
-0.06715044379234314	0.99288010597229	-0.098386749625206	-0.3586105704307556
0.39135926961898804	0.11691786348819733	0.9127806425094604	0.6041445732116699
0.0	0.0	0.0	1.0
0	59	60
0.4945611357688904	0.27241605520248413	-0.8253475427627563	0.5728302597999573
-0.19156107306480408	0.9604239463806152	0.20221343636512756	-0.328409880399704
0.8477696180343628	0.05809742212295532	0.5271728038787842	1.021453619003296
0.0	0.0	0.0	1.0
1	3	60
0.4769339859485626	-0.21188828349113464	0.8530167937278748	-0.5840176939964294
0.15513712167739868	0.9755637645721436	0.1555892676115036	-0.07172177731990814
-0.8651395440101624	0.05812901258468628	0.49815109372138977	0.6659116744995117
0.0	0.0	0.0	1.0
1	4	60
0.16977459192276	-0.2643619775772095	0.9493623375892639	-1.1349940299987793
0.060400545597076416	0.9643276929855347	0.25772786140441895	-0.09470014274120331
-0.9836297035217285	0.013586372137069702	0.17968611419200897	0.8968182802200317
0.0	0.0	0.0	1.0
1	5	60
0.2742752432823181	-0.263518363237381	0.9248411655426025	-0.939768373966217
0.12484303116798401	0.9633404612541199	0.23746420443058014	-0.21024130284786224
-0.9535130262374878	0.05032932758331299	0.29711878299713135	0.9870846271514893
0.0	0.0	0.0	1.0
1	6	60
0.24575835466384888	0.012639760971069336	0.9692485332489014	-0.9239006042480469
0.10576630383729935	0.9935950636863708	-0.03977462649345398	-0.24830545485019684
-0.9635434150695801	0.11228877305984497	0.24284760653972626	1.2390625476837158
0.0	0.0	0.0	1.0
1	7	60
0.47065845131874084	-0.18306511640548706	0.8631151914596558	-0.797048032283783
0.149488165974617	0.98064124584198	0.12647610902786255	-0.205661803483963
-0.8695595264434814	0.0694982260465622	0.48891329765319824	1.0247265100479126
0.0	0.0	0.0	1.0
1	8	60
0.8089718818664551	-0.15463954210281372	0.5671434998512268	-0.268876314163208
0.08000165224075317	0.9847649931907654	0.1543954610824585	-0.2037394791841507
-0.582378625869751	-0.07952912151813507	0.8090183734893799	1.4832593202590942
0.0	0.0	0.0	1.0
1	37	60
0.22848056256771088	-0.8827400207519531	0.4105690121650696	-0.17761445045471191
0.770698606967926	0.4216718077659607	0.4777202904224396	-1.6105003356933594
-0.5948281288146973	0.2072751522064209	0.7766702175140381	2.2155075073242188
0.0	0.0	0.0	1.0
1	38	60
-0.6414699554443359	-0.34378764033317566	0.6858034729957581	-0.15541714429855347
0.2532496750354767	0.7489509582519531	0.6123213171958923	-0.7785496711730957
-0.7241418361663818	0.566464900970459	-0.3933653235435486	3.234365224838257
0.0	0.0	0.0	1.0
1	46	60
-0.8541799187660217	-0.13484801352024078	0.5021875500679016	-0.15429431200027466
0.07938069105148315	0.9206496477127075	0.38223400712013245	-0.9270407557487488
-0.5138823986053467	0.36636075377464294	-0.7756960988044739	3.4770264625549316
0.0	0.0	0.0	1.0
2	3	60
0.8356996178627014	-0.13868579268455505	0.5313875079154968	-0.5854406356811523
0.137477308511734	0.9896110892295837	0.04206967353820801	0.0033119458239525557
-0.5317014455795288	0.037896156311035156	0.8460835814476013	0.14341115951538086
0.0	0.0	0.0	1.0
2	4	60
0.6454079747200012	-0.20996999740600586	0.7344121336936951	-1.0993540287017822
0.11836172640323639	0.9773543477058411	0.17541033029556274	-0.007309779524803162
-0.7546119093894958	-0.026285141706466675	0.6556447148323059	0.03649401664733887
0.0	0.0	0.0	1.0
2	6	60
0.7207179069519043	0.01731094717979431	0.6930123567581177	-1.0299510955810547
0.12383967638015747	0.9803922176361084	-0.15328001976013184	-0.16876177489757538
-0.6820773482322693	0.1962941288948059	0.7044424414634705	0.4229471683502197
0.0	0.0	0.0	1.0
2	9	60
-0.2094665765762329	-0.3101803660392761	-0.927314281463623	0.7396402955055237
-0.8929136991500854	0.4472026526927948	0.05210965871810913	0.06692016124725342
0.39853399991989136	0.8389265537261963	-0.37063825130462646	3.275409698486328
0.0	0.0	0.0	1.0
2	36	60
0.8478228449821472	-0.22443071007728577	-0.4804450273513794	0.057467758655548096
-0.015806078910827637	0.8949240446090698	-0.4459385573863983	0.7963050603866577
0.5300443172454834	0.38567084074020386	0.7551895380020142	1.1423836946487427
0.0	0.0	0.0	1.0
2	37	60
0.7615010142326355	-0.37628719210624695	0.5277537107467651	-1.944279432296753
0.1637021154165268	0.8994861245155334	0.4051239490509033	-0.6882253885269165
-0.6271504163742065	-0.2221081256866455	0.7465587854385376	2.177602529525757
0.0	0.0	0.0	1.0
2	38	60
-0.1691526472568512	-0.48241737484931946	0.8594537973403931	-1.539132833480835
0.3521307706832886	0.7848833799362183	0.5098649859428406	-0.7846342325210571
-0.920538604259491	0.3888852596282959	0.03710883855819702	2.5310211181640625
0.0	0.0	0.0	1.0
2	39	60
-0.4982970058917999	-0.2824251651763916	0.8197169303894043	-1.429983139038086
0.21578913927078247	0.8753051161766052	0.4327535033226013	-0.8679860830307007
-0.8397230505943298	0.3925260305404663	-0.3752176761627197	2.6112008094787598
0.0	0.0	0.0	1.0
2	40	60
-0.5000429153442383	-0.3995997905731201	0.7682946920394897	-1.1440578699111938
0.2157447636127472	0.8017210960388184	0.5574024319648743	-0.8142846822738647
-0.8386958837509155	0.44448065757751465	-0.3146832585334778	2.5702266693115234
0.0	0.0	0.0	1.0
2	41	60
-0.6475579738616943	-0.4096052050590515	0.6425668001174927	-0.92215895652771
0.15418308973312378	0.7553752064704895	0.6368957161903381	-0.9073067307472229
-0.7462549209594727	0.5114997625350952	-0.4259950518608093	2.4348015785217285
0.0	0.0	0.0	1.0
2	45	60
-0.6458903551101685	-0.021918997168540955	0.763115406036377	-1.2863895893096924
0.18410615622997284	0.9656140804290771	0.183560311794281	-0.9370672106742859
-0.7408983707427979	0.25905412435531616	-0.6196454763412476	2.5138161182403564
0.0	0.0	0.0	1.0
2	46	60
-0.49539458751678467	-0.2187647819519043	0.8406701683998108	-1.6136475801467896
0.18678227066993713	0.9183063507080078	0.34903568029403687	-0.9962832927703857
-0.8483495712280273	0.3299325108528137	-0.41406241059303284	2.7475686073303223
0.0	0.0	0.0	1.0
2	47	60
-0.6183750033378601	-0.4012394845485687	0.6757362484931946	-1.0286306142807007
0.15880434215068817	0.7783080339431763	0.6074684858322144	-0.8364144563674927
-0.7696713209152222	0.48295313119888306	-0.4175676107406616	2.4196455478668213
0.0	0.0	0.0	1.0
2	49	60
-0.7359407544136047	-0.4704892039299011	0.486858069896698	-0.540068507194519
0.2665971517562866	0.4596191644668579	0.8471575975418091	-0.7634223103523254
-0.622347891330719	0.7532526254653931	-0.212821364402771	1.8627283573150635
0.0	0.0	0.0	1.0
3	8	60
0.8666053414344788	0.20990146696567535	-0.45269912481307983	-0.47283294796943665
-0.17165574431419373	0.9772559404373169	0.12451900541782379	-0.19996842741966248
0.468539834022522	-0.030200347304344177	0.8829259872436523	0.6685289144515991
0.0	0.0	0.0	1.0
3	45	60
-0.15966452658176422	-0.010141551494598389	0.9871193170547485	-2.03214693069458
0.24651958048343658	0.9678566455841064	0.04981747269630432	-0.7258392572402954
-0.9558953046798706	0.25129812955856323	-0.15203213691711426	1.6813991069793701
0.0	0.0	0.0	1.0
3	48	60
-0.3248290419578552	-0.6691315770149231	0.6683929562568665	-1.1737428903579712
0.1631694883108139	0.6564700603485107	0.7364934086799622	-0.6313674449920654
-0.9315909743309021	0.34829577803611755	-0.10405886918306351	1.5103212594985962
0.0	0.0	0.0	1.0
3	49	60
-0.27632978558540344	-0.7164934873580933	0.6405298709869385	-1.0229296684265137
0.3578488230705261	0.5418493747711182	0.7604891061782837	-0.6876166462898254
-0.8919563293457031	0.4393589198589325	0.10666725039482117	1.4452465772628784
0.0	0.0	0.0	1.0
4	8	60
0.7229753136634827	0.21681076288223267	-0.6559725999832153	-0.4624832272529602
-0.24250289797782898	0.968707263469696	0.05290251970291138	-0.34150418639183044
0.646915078163147	0.12082798779010773	0.752928614616394	0.8845268487930298
0.0	0.0	0.0	1.0
4	30	60
0.8492651581764221	-0.2667311728000641	0.455634742975235	-1.536547303199768
0.3465745151042938	0.9326777458190918	-0.09999103844165802	-0.45638954639434814
-0.39828968048095703	0.2428303062915802	0.8845331072807312	-0.4110431671142578
0.0	0.0	0.0	1.0
4	41	60
0.158485546708107	-0.5504554510116577	0.8196835517883301	-1.8375957012176514
0.30592989921569824	0.8166970014572144	0.4892984628677368	-0.9550187587738037
-0.9387701749801636	0.1732187569141388	0.2978355884552002	1.5451509952545166
0.0	0.0	0.0	1.0
4	45	60
0.12505674362182617	-0.07191935181617737	0.9895395040512085	-2.1949634552001953
0.34361255168914795	0.9387836456298828	0.024805009365081787	-0.8880475759506226
-0.9307476878166199	0.33691614866256714	0.14211350679397583	1.400853157043457
0.0	0.0	0.0	1.0
4	47	60
0.18766188621520996	-0.5177866220474243	0.8346737623214722	-1.8948332071304321
0.29981061816215515	0.839413583278656	0.4533195495605469	-0.8637209534645081
-0.9353594183921814	0.1651729941368103	0.31276389956474304	1.489396572113037
0.0	0.0	0.0	1.0
4	48	60
-0.02480870485305786	-0.7368984222412109	0.6755480766296387	-1.3027899265289307
0.2432575523853302	0.6509950160980225	0.7190486192703247	-0.8279184103012085
-0.9696443676948547	0.18217067420482635	0.16310596466064453	1.4749763011932373
0.0	0.0	0.0	1.0
4	49	60
0.006585165858268738	-0.8062270879745483	0.5915696024894714	-1.1535835266113281
0.431523859500885	0.5359558463096619	0.7256295680999756	-0.8858222961425781
-0.9020774364471436	0.2504979074001312	0.3514356017112732	1.4735145568847656
0.0	0.0	0.0	1.0
5	8	60
0.7390556931495667	0.1953909993171692	-0.6446848511695862	-0.16834479570388794
-0.19252727925777435	0.9783583879470825	0.07581080496311188	-0.19784054160118103
0.6455457806587219	0.06809118390083313	0.7606797814369202	0.817673921585083
0.0	0.0	0.0	1.0
5	37	60
0.970026433467865	-0.04018307849764824	-0.23965348303318024	-1.862231731414795
0.10978320986032486	0.9523142576217651	0.28468501567840576	-0.4278973937034607
0.21678593754768372	-0.30246198177337646	0.9281812906265259	0.5367938280105591
0.0	0.0	0.0	1.0
5	41	60
0.07638102769851685	-0.5584641098976135	0.8260044455528259	-1.5693119764328003
0.25051528215408325	0.8125994205474854	0.5262356996536255	-0.8144187927246094
-0.9650945067405701	0.16673222184181213	0.2019714117050171	1.5766620635986328
0.0	0.0	0.0	1.0
5	45	60
0.04255923628807068	-0.08230125904083252	0.9956984519958496	-1.921370506286621
0.2839006781578064	0.9565152525901794	0.06692758202552795	-0.7916514277458191
-0.9579088091850281	0.27983081340789795	0.06407375633716583	1.440422534942627
0.0	0.0	0.0	1.0
5	47	60
0.11033664643764496	-0.5278274416923523	0.8421547412872314	-1.6316378116607666
0.24778883159160614	0.8351811766624451	0.49099189043045044	-0.7278949022293091
-0.9625106453895569	0.15450210869312286	0.22294071316719055	1.5088295936584473
0.0	0.0	0.0	1.0
5	48	60
-0.10696357488632202	-0.736003041267395	0.6684746146202087	-1.0460387468338013
0.1847921758890152	0.6459012627601624	0.7407181859016418	-0.6692356467247009
-0.9769394397735596	0.20275864005088806	0.06691981852054596	1.4540563821792603
0.0	0.0	0.0	1.0
5	49	60
-0.06649785488843918	-0.8036434054374695	0.5913845300674438	-0.8859705924987793
0.3861350119113922	0.5257884860038757	0.7579224705696106	-0.7307597398757935
-0.9200423955917358	0.27875420451164246	0.2753508687019348	1.4234328269958496
0.0	0.0	0.0	1.0
6	8	60
0.7325172424316406	0.14533230662345886	-0.665054440498352	0.025325417518615723
0.04823663830757141	0.9634088277816772	0.2636604607105255	0.0527571439743042
0.6790376305580139	-0.22521573305130005	0.6987031102180481	0.7362543344497681
0.0	0.0	0.0	1.0
6	40	60
0.19438397884368896	-0.48219034075737	0.8542296290397644	-1.7250128984451294
0.053515106439590454	0.8747560977935791	0.48159945011138916	-0.1735542118549347
-0.9794649481773376	-0.047901034355163574	0.19584278762340546	1.6125110387802124
0.0	0.0	0.0	1.0
6	41	60
0.08636500686407089	-0.5313124060630798	0.842762291431427	-1.41886305809021
0.015290673822164536	0.8465303182601929	0.5321208238601685	-0.2636387348175049
-0.9961462616920471	-0.03307006135582924	0.08123484253883362	1.5432465076446533
0.0	0.0	0.0	1.0
6	45	60
-0.04497796297073364	-0.07598738372325897	0.9960938692092896	-1.8384418487548828
0.04152438044548035	0.996099054813385	0.0778631865978241	-0.33887261152267456
-0.9981245994567871	0.0448642373085022	-0.04164707660675049	1.634761929512024
0.0	0.0	0.0	1.0
6	47	60
0.08754241466522217	-0.5063645243644714	0.8578646779060364	-1.4960633516311646
0.04631166160106659	0.8623083233833313	0.5042613744735718	-0.17437446117401123
-0.9950839281082153	-0.0044153183698654175	0.09893925487995148	1.4749155044555664
0.0	0.0	0.0	1.0
7	8	60
0.8626584410667419	0.18846561014652252	-0.46936190128326416	-0.025645136833190918
-0.1384633332490921	0.9805314540863037	0.13923107087612152	-0.10941311717033386
0.48646464943885803	-0.05511930584907532	0.8719598054885864	0.7162431478500366
0.0	0.0	0.0	1.0
7	37	60
0.9937808513641357	-0.11117096245288849	0.006439700722694397	-1.8254153728485107
0.10117627680301666	0.9255689382553101	0.36480918526649475	-0.3345531225204468
-0.04651644080877304	-0.3618888258934021	0.9310600161552429	0.8928372859954834
0.0	0.0	0.0	1.0
7	40	60
0.04672214388847351	-0.47742658853530884	0.8774285316467285	-1.4527688026428223
0.2128675878047943	0.862970232963562	0.45822441577911377	-0.5526668429374695
-0.9759633541107178	0.16536696255207062	0.1419486403465271	1.7748603820800781
0.0	0.0	0.0	1.0
7	41	60
-0.12165503948926926	-0.5303813815116882	0.838985025882721	-1.1994181871414185
0.1735432744026184	0.8208773732185364	0.5440983772277832	-0.6690472364425659
-0.9772835373878479	0.211792454123497	-0.007819637656211853	1.7565793991088867
0.0	0.0	0.0	1.0
7	45	60
-0.1109129935503006	-0.05073383450508118	0.992534339427948	-1.5598652362823486
0.19770853221416473	0.9776081442832947	0.07206413149833679	-0.6686062812805176
-0.9739656448364258	0.20422567427158356	-0.09839899837970734	1.609389305114746
0.0	0.0	0.0	1.0
7	47	60
-0.08794912695884705	-0.501625657081604	0.8606024384498596	-1.2820720672607422
0.1646369844675064	0.8447485566139221	0.5092098116874695	-0.5865361094474792
-0.982425332069397	0.18647156655788422	0.008291155099868774	1.7021723985671997
0.0	0.0	0.0	1.0
7	49	60
-0.2498549073934555	-0.7386974096298218	0.6260181069374084	-0.5771798491477966
0.30758437514305115	0.5524869561195374	0.7746933698654175	-0.588369607925415
-0.9181307554244995	0.3861141502857208	0.08917025476694107	1.483396291732788
0.0	0.0	0.0	1.0
8	10	60
0.3477364778518677	0.0508100762963295	-0.9362145066261292	0.07892000675201416
-0.388851523399353	0.9164209961891174	-0.09469488263130188	-0.22962123155593872
0.853155255317688	0.3969772756099701	0.33843058347702026	1.4685027599334717
0.0	0.0	0.0	1.0
8	32	60
0.7400638461112976	-0.42387503385543823	-0.5221450924873352	0.7968815565109253
0.11124002933502197	0.8428377509117126	-0.526545524597168	0.7720903158187866
0.6632730960845947	0.33159375190734863	0.6709056496620178	0.45303964614868164
0.0	0.0	0.0	1.0
8	33	60
-0.9612553715705872	0.18475481867790222	0.204582080245018	0.08380656689405441
0.10583117604255676	-0.43793588876724243	0.8927551507949829	-1.6792393922805786
0.25453460216522217	0.879817008972168	0.40141552686691284	0.10148835182189941
0.0	0.0	0.0	1.0
8	39	60
-0.12618927657604218	-0.2044048309326172	0.9707186222076416	-1.1057049036026
0.28980299830436707	0.9282567501068115	0.23313677310943604	-0.42868757247924805
-0.9487308263778687	0.3107369542121887	-0.05789890140295029	1.195523977279663
0.0	0.0	0.0	1.0
8	40	60
0.3862513303756714	-0.2989178001880646	0.8726154565811157	-0.6596025228500366
0.25735509395599365	0.9433896541595459	0.20924696326255798	-0.21435369551181793
-0.8857640027999878	0.14374995231628418	0.44131338596343994	0.629044771194458
0.0	0.0	0.0	1.0
8	46	60
-0.384404718875885	-0.47215554118156433	0.7932859659194946	-0.831717312335968
0.2159608155488968	0.789474606513977	0.5745357275009155	-1.2534294128417969
-0.8975489735603333	0.3921726942062378	-0.2015104591846466	1.4045181274414062
0.0	0.0	0.0	1.0
9	12	60
0.592814564704895	0.003592461347579956	-0.8053312301635742	0.25462806224823
-0.34163719415664673	0.9066742658615112	-0.24743889272212982	-0.37507912516593933
0.7292842268943787	0.42181628942489624	0.5387167930603027	0.7887657880783081
0.0	0.0	0.0	1.0
9	32	60
0.6558253169059753	-0.19481448829174042	0.7293424606323242	-1.8640241622924805
0.4405229985713959	0.8833376169204712	-0.16017067432403564	-0.18271899223327637
-0.6130520701408386	0.4263361990451813	0.6651350855827332	-0.5302067995071411
0.0	0.0	0.0	1.0
9	33	60
0.9514053463935852	-0.17530234158039093	0.25317493081092834	-1.6990067958831787
0.22711187601089478	0.9546669125556946	-0.19243687391281128	-0.26562005281448364
-0.2079632580280304	0.24058449268341064	0.9480881690979004	-0.46293163299560547
0.0	0.0	0.0	1.0
10	32	60
0.08998128771781921	-0.14357110857963562	0.9855408072471619	-2.3348724842071533
0.3001132607460022	0.9474673271179199	0.11062394827604294	-0.6337845325469971
-0.9496500492095947	0.2858198583126068	0.12834182381629944	0.5472677946090698
0.0	0.0	0.0	1.0
10	33	60
0.5114368200302124	-0.3133561611175537	0.8001503944396973	-2.1111562252044678
0.4148859977722168	0.9054690599441528	0.08941605687141418	-0.8701752424240112
-0.7525305151939392	0.28624051809310913	0.5930973291397095	0.6099674701690674
0.0	0.0	0.0	1.0
10	35	60
0.3959619998931885	-0.48026788234710693	0.7826600670814514	-1.8393843173980713
0.28897935152053833	0.8741899728775024	0.39023399353027344	-0.5597586631774902
-0.8716105222702026	0.07165488600730896	0.4849337637424469	0.8104024529457092
0.0	0.0	0.0	1.0
10	36	60
0.022342562675476074	-0.4764977693557739	0.8788918256759644	-1.308034896850586
0.3374952971935272	0.8310995101928711	0.44200727343559265	-0.6511632204055786
-0.9410618543624878	0.2867462635040283	0.17938467860221863	0.9464234709739685
0.0	0.0	0.0	1.0
11	32	60
-0.38435226678848267	-0.22727881371974945	0.8947725296020508	-2.317570686340332
0.14859887957572937	0.9413526058197021	0.3029416799545288	-0.8978585004806519
-0.9111487865447998	0.2493983954191208	-0.32803773880004883	2.024812936782837
0.0	0.0	0.0	1.0
11	33	60
-0.42141276597976685	-0.1721806526184082	-0.8903733491897583	2.9711828231811523
-0.8231553435325623	0.48463431000709534	0.2958797216415405	0.18442408740520477
0.38056087493896484	0.8576031923294067	-0.3459625840187073	2.017338514328003
0.0	0.0	0.0	1.0
11	35	60
0.1400970220565796	0.17277708649635315	-0.9749464988708496	2.41381573677063
-0.9341135621070862	0.3495827317237854	-0.07227736711502075	1.013413906097412
0.3283366560935974	0.9208365678787231	0.21036894619464874	1.339501976966858
0.0	0.0	0.0	1.0
11	36	60
0.23820506036281586	0.1122846007347107	-0.964702308177948	2.0981762409210205
-0.9332610368728638	0.3014300465583801	-0.19535717368125916	0.559205174446106
0.2688545882701874	0.9468539953231812	0.17659296095371246	1.3057876825332642
0.0	0.0	0.0	1.0
12	13	60
0.7834134101867676	0.03688131272792816	-0.6204057931900024	-0.02826935052871704
0.005780773237347603	0.9977624416351318	0.0666135624051094	-0.06510262936353683
0.6214741468429565	-0.05577240139245987	0.7814469337463379	0.608860194683075
0.0	0.0	0.0	1.0
12	14	60
-0.1655978113412857	-0.7455368638038635	0.6455634236335754	-1.358825445175171
-0.025677695870399475	-0.6511198878288269	-0.7585407495498657	1.2391371726989746
0.9858589172363281	-0.14218929409980774	0.08868030458688736	1.4011025428771973
0.0	0.0	0.0	1.0
12	32	60
-0.12401971966028214	-0.22274501621723175	0.9669561982154846	-2.3528871536254883
-0.8371246457099915	0.5466975569725037	0.018567632883787155	-0.33254414796829224
-0.5327682495117188	-0.8071596622467041	-0.25426653027534485	1.7524349689483643
0.0	0.0	0.0	1.0
12	33	60
-0.07816246151924133	0.26389309763908386	0.9613796472549438	-1.5620026588439941
0.9644157886505127	-0.2242952585220337	0.13997676968574524	-0.5557228326797485
0.25257208943367004	0.9381107687950134	-0.23697128891944885	2.130250930786133
0.0	0.0	0.0	1.0
12	35	60
0.36664438247680664	0.24291816353797913	0.8980883359909058	-1.7805043458938599
-0.8557227253913879	0.4668848514556885	0.22306399047374725	-0.17766520380973816
-0.36511746048927307	-0.8502997159957886	0.37905120849609375	1.0647636651992798
0.0	0.0	0.0	1.0
13	17	60
0.9981486797332764	-0.04301878809928894	-0.042997926473617554	-0.4617381989955902
0.05210116505622864	0.9694960117340088	0.2395063042640686	-0.16381046175956726
0.03138291835784912	-0.24130314588546753	0.9699422121047974	1.431321382522583
0.0	0.0	0.0	1.0
13	18	60
0.9933825731277466	0.033055052161216736	-0.10999345779418945	-0.7513260841369629
-0.0075620561838150024	0.9744352698326111	0.2245398908853531	-0.26354020833969116
0.11460369825363159	-0.22222211956977844	0.9682371616363525	1.7431533336639404
0.0	0.0	0.0	1.0
13	19	60
0.9995777010917664	-0.005415588617324829	-0.02854733169078827	-1.060004472732544
0.011560678482055664	0.975490391254425	0.21973758935928345	-0.3307720720767975
0.026657655835151672	-0.21997475624084473	0.9751410484313965	1.964731216430664
0.0	0.0	0.0	1.0
13	23	60
0.05958506464958191	0.5530729293823242	-0.8309996128082275	-0.7026505470275879
0.0698285698890686	0.8281299471855164	0.556169867515564	-0.3802472949028015
0.9957778453826904	-0.09116685390472412	0.010724008083343506	2.9291672706604004
0.0	0.0	0.0	1.0
13	54	60
0.9693607091903687	-0.15336844325065613	0.1918802708387375	-1.8895387649536133
0.060274869203567505	0.9057663083076477	0.4194692373275757	-0.03135204315185547
-0.23813176155090332	-0.3950516879558563	0.8872585892677307	0.3874497413635254
0.0	0.0	0.0	1.0
13	55	60
0.9481106996536255	-0.0926516205072403	0.30414122343063354	-1.9472148418426514
0.04441296309232712	0.985813558101654	0.16186147928237915	-0.2592800259590149
-0.31482332944869995	-0.13995487987995148	0.9387753009796143	0.29702091217041016
0.0	0.0	0.0	1.0
13	56	60
0.982778012752533	-0.02300974726676941	0.1833513081073761	-1.7606821060180664
0.03427250683307648	0.9976990222930908	-0.05849608778953552	-0.38835588097572327
-0.1815834939479828	0.06377279758453369	0.9813054800033569	0.20183014869689941
0.0	0.0	0.0	1.0
13	57	60
0.9886589050292969	-0.06412327289581299	0.135799378156662	-2.1666419506073
0.07441894710063934	0.9946138858795166	-0.07214444875717163	-0.30811607837677
-0.1304416060447693	0.08143231272697449	0.9881060123443604	-0.1310114860534668
0.0	0.0	0.0	1.0
13	58	60
0.7590999603271484	-0.07422231137752533	0.6467291712760925	-3.0939393043518066
0.05609806999564171	0.9972416758537292	0.048603951930999756	-0.5314392447471619
-0.6485525965690613	-0.0006150305271148682	0.7611697316169739	0.20636773109436035
0.0	0.0	0.0	1.0
14	17	60
0.924694299697876	-0.14246684312820435	0.3530488610267639	-0.03754556551575661
0.07793322205543518	0.9785393476486206	0.1907520890235901	-0.13316774368286133
-0.3726482391357422	-0.1488732248544693	0.9159531593322754	1.0629311800003052
0.0	0.0	0.0	1.0
14	18	60
0.935794472694397	-0.12291595339775085	0.3304252624511719	-0.2221231907606125
0.06062193214893341	0.97939532995224	0.19264079630374908	-0.27076005935668945
-0.34729570150375366	-0.16024115681648254	0.9239637851715088	1.491537094116211
0.0	0.0	0.0	1.0
14	19	60
0.8995617032051086	-0.19110095500946045	0.3927711844444275	-0.38764336705207825
0.11241446435451508	0.9702134132385254	0.21459037065505981	-0.3774029016494751
-0.422080397605896	-0.1488843709230423	0.8942492008209229	1.8181300163269043
0.0	0.0	0.0	1.0
14	23	60
0.7879188060760498	-0.4211980402469635	0.44919517636299133	-0.367995023727417
0.10248883068561554	0.8089996576309204	0.5788049697875977	-0.43947768211364746
-0.6071903705596924	-0.41001400351524353	0.6805940866470337	2.017263889312744
0.0	0.0	0.0	1.0
14	24	60
0.9791128635406494	0.12458193302154541	-0.16067716479301453	-0.3711361289024353
-0.005582354962825775	0.8064538240432739	0.5912705659866333	-0.3359090983867645
0.203240305185318	-0.5780237317085266	0.7903048992156982	1.9482061862945557
0.0	0.0	0.0	1.0
14	25	60
0.8163870573043823	0.14635440707206726	-0.558652400970459	-0.4950970411300659
-0.0037761852145195007	0.9686869978904724	0.24825617671012878	-0.3419128954410553
0.5774930715560913	-0.20056354999542236	0.7913761138916016	1.8176050186157227
0.0	0.0	0.0	1.0
14	54	60
0.6509878039360046	-0.46038350462913513	0.6035411357879639	-2.0431203842163086
0.14086171984672546	0.8545433282852173	0.49991360306739807	-0.3322719633579254
-0.7459040880203247	-0.24042153358459473	0.6211474537849426	1.0342891216278076
0.0	0.0	0.0	1.0
14	55	60
0.6982066035270691	-0.16954906284809113	0.695529043674469	-1.9468324184417725
0.06545344740152359	0.9825994372367859	0.17382276058197021	-0.33690452575683594
-0.7128979563713074	-0.07583944499492645	0.6971548199653625	0.7497419118881226
0.0	0.0	0.0	1.0
14	56	60
0.7039100527763367	-0.21668681502342224	0.676429808139801	-1.8458263874053955
0.15502828359603882	0.9762396216392517	0.15140120685100555	-0.9361607432365417
-0.6931641101837158	-0.0017069578170776367	0.7207775712013245	0.8030495643615723
0.0	0.0	0.0	1.0
14	57	60
0.32172879576683044	-0.6875044703483582	0.651020884513855	-2.133411169052124
-0.13850504159927368	-0.7143548130989075	-0.6859399080276489	1.9659794569015503
0.9366468191146851	0.1305169016122818	-0.32505133748054504	2.8436079025268555
0.0	0.0	0.0	1.0
14	58	60
0.4966752827167511	-0.05832623317837715	0.8659745454788208	-2.8504879474639893
0.10845261067152023	0.9940902590751648	0.004752844572067261	-0.45226019620895386
-0.8611341714859009	0.09155647456645966	0.5000656843185425	0.710529088973999
0.0	0.0	0.0	1.0
15	17	60
0.9070255756378174	-0.20426347851753235	0.36821308732032776	-0.021519698202610016
0.21326588094234467	0.9768538475036621	0.016561001539230347	-0.32194411754608154
-0.36307308077812195	0.06350623071193695	0.9295937418937683	0.9017586708068848
0.0	0.0	0.0	1.0
15	18	60
0.9323251843452454	-0.14895977079868317	0.3295165002346039	-0.17171253263950348
0.1567179560661316	0.9876389503479004	0.003053218126296997	-0.5442333221435547
-0.3258979916572571	0.04879443347454071	0.9441450238227844	1.2890552282333374
0.0	0.0	0.0	1.0
15	19	60
0.8890155553817749	-0.19889487326145172	0.4124229848384857	-0.3477703332901001
0.2074975073337555	0.9779331684112549	0.024337559938430786	-0.7152928113937378
-0.40816283226013184	0.0639398992061615	0.9106675982475281	1.5949605703353882
0.0	0.0	0.0	1.0
15	23	60
0.8358792066574097	-0.39757364988327026	0.3784727454185486	-0.31349316239356995
0.23867374658584595	0.8841477036476135	0.40164440870285034	-0.8572245240211487
-0.4943090081214905	-0.2453944981098175	0.833930492401123	1.8623125553131104
0.0	0.0	0.0	1.0
15	24	60
0.9791315793991089	0.06708984076976776	-0.19183386862277985	-0.2989213168621063
0.02018115669488907	0.9071738123893738	0.42027145624160767	-0.6992928981781006
0.2022225707769394	-0.41537266969680786	0.8868886232376099	1.7303318977355957
0.0	0.0	0.0	1.0
15	25	60
0.8688589334487915	0.10919401049613953	-0.48286718130111694	-0.4909472167491913
-0.053384169936180115	0.9903499484062195	0.12789607048034668	-0.7349347472190857
0.49217283725738525	-0.08534599840641022	0.8663034439086914	1.5731244087219238
0.0	0.0	0.0	1.0
15	54	60
0.802759051322937	-0.4120402932167053	0.4310457110404968	-1.7004406452178955
0.3641996383666992	0.9111627340316772	0.19272026419639587	-0.17362844944000244
-0.4721611738204956	0.0022789835929870605	0.8815091252326965	0.5196640491485596
0.0	0.0	0.0	1.0
15	55	60
0.7181071043014526	-0.22673280537128448	0.6579626798629761	-1.8180419206619263
0.25263822078704834	0.9658740162849426	0.057106733322143555	-0.540808379650116
-0.6484571695327759	0.1252177655696869	0.7508822679519653	0.4609527587890625
0.0	0.0	0.0	1.0
15	56	60
0.7812823057174683	-0.014359278604388237	0.6240130066871643	-1.7977408170700073
0.21642586588859558	0.9439461827278137	-0.24925008416175842	-0.4490700662136078
-0.585455596446991	0.32978707551956177	0.7405959367752075	0.39366281032562256
0.0	0.0	0.0	1.0
15	57	60
0.8132139444351196	-0.06050586700439453	0.5788103938102722	-2.2835323810577393
0.2425147444009781	0.939342200756073	-0.24253296852111816	-0.4401753842830658
-0.5290263891220093	0.33760175108909607	0.7785601019859314	0.26204800605773926
0.0	0.0	0.0	1.0
15	58	60
0.3891878128051758	-0.1677122712135315	0.9057626724243164	-2.8536624908447266
0.3153454661369324	0.9481309652328491	0.04005935788154602	-1.0394291877746582
-0.8655000925064087	0.27003759145736694	0.4218880534172058	0.7955429553985596
0.0	0.0	0.0	1.0
16	17	60
0.9006092548370361	-0.1627509593963623	0.40300697088241577	0.0403401255607605
0.1511216163635254	0.9866476058959961	0.06073448061943054	-0.14953581988811493
-0.4075103998184204	0.006205067038536072	0.9131794571876526	0.50169837474823
0.0	0.0	0.0	1.0
16	19	60
0.8852231502532959	-0.1613871306180954	0.4362727999687195	-0.2686350345611572
0.1571664810180664	0.9864992499351501	0.0460282564163208	-0.47093191742897034
-0.43781113624572754	0.027821943163871765	0.8986365795135498	1.2203400135040283
0.0	0.0	0.0	1.0
16	20	60
0.569364070892334	-0.35245248675346375	0.7426990270614624	-0.26444119215011597
0.326773464679718	0.9260240793228149	0.18894115090370178	-0.3249543011188507
-0.7543496489524841	0.13511794805526733	0.6424170732498169	1.1377688646316528
0.0	0.0	0.0	1.0
16	21	60
0.21948376297950745	-0.9735682010650635	-0.06318163871765137	0.33025258779525757
0.24940627813339233	-0.006617814302444458	0.9683763980865479	-0.9450597763061523
-0.943198561668396	-0.22830072045326233	0.24136139452457428	1.4244978427886963
0.0	0.0	0.0	1.0
16	22	60
0.5338231325149536	-0.3871176838874817	0.7517797946929932	-0.22881242632865906
0.18002699315547943	0.9207002520561218	0.34626755118370056	-0.41106095910072327
-0.8262102603912354	-0.04950490593910217	0.5611826777458191	1.2791671752929688
0.0	0.0	0.0	1.0
16	23	60
0.803964376449585	-0.4277622103691101	0.4131113886833191	-0.22883130609989166
0.22596262395381927	0.8623195290565491	0.4531511068344116	-0.6073875427246094
-0.5500748753547668	-0.2709696888923645	0.789932370185852	1.4859247207641602
0.0	0.0	0.0	1.0
16	25	60
0.9120368957519531	0.08336559683084488	-0.4015454053878784	-0.4883294701576233
-0.04390496760606766	0.9933422207832336	0.10650727152824402	-0.45451927185058594
0.40775105357170105	-0.07950884103775024	0.9096248745918274	1.1739799976348877
0.0	0.0	0.0	1.0
16	54	60
0.7183147668838501	-0.37646475434303284	0.5850622653961182	-1.775882601737976
0.2056768536567688	0.9182686805725098	0.3383488059043884	-0.1408919095993042
-0.6646205186843872	-0.1227073073387146	0.7370362281799316	0.29046106338500977
0.0	0.0	0.0	1.0
16	58	60
0.4390328526496887	-0.04167166352272034	0.8975040912628174	-2.729469060897827
0.22979705035686493	0.970906674861908	-0.06733015179634094	-0.44473159313201904
-0.8685872554779053	0.2358037680387497	0.43583592772483826	0.32551515102386475
0.0	0.0	0.0	1.0
17	23	60
-0.9275274872779846	0.07744528353214264	0.3656427264213562	-0.7474642992019653
-0.28842228651046753	0.4738842248916626	-0.8320130705833435	0.4835091829299927
-0.23770788311958313	-0.8771747350692749	-0.4172040522098541	1.6598005294799805
0.0	0.0	0.0	1.0
17	34	60
-0.6452252864837646	-0.7519097328186035	-0.1353367567062378	0.10931512713432312
0.434885174036026	-0.2158268690109253	-0.8742390275001526	0.9251580238342285
0.6281393766403198	-0.6229372620582581	0.46625131368637085	0.4756273031234741
0.0	0.0	0.0	1.0
18	24	60
-0.7656219601631165	0.47109079360961914	0.43805986642837524	-0.5035746693611145
0.14012101292610168	0.7867422103881836	-0.6011676788330078	0.5975963473320007
-0.6278448104858398	-0.3988858461380005	-0.6683568954467773	1.390584945678711
0.0	0.0	0.0	1.0
18	59	60
0.9979491829872131	-0.022376030683517456	0.05997246503829956	-1.598550796508789
0.026901468634605408	0.9967641830444336	-0.07574746012687683	0.4074205756187439
-0.05808359384536743	0.07720547914505005	0.9953218102455139	-1.4769903421401978
0.0	0.0	0.0	1.0
19	21	60
-0.8923564553260803	-0.352489709854126	0.28187060356140137	-0.16413819789886475
-0.4388110637664795	0.8236786723136902	-0.35916411876678467	0.4267820715904236
-0.10556909441947937	-0.44419047236442566	-0.8896910548210144	1.4616081714630127
0.0	0.0	0.0	1.0
19	24	60
-0.2305527627468109	0.47191596031188965	0.8509646058082581	-0.4126584529876709
-0.30160173773765564	0.7967991828918457	-0.5235911011695862	0.5754722356796265
-0.9251389503479004	-0.37736761569976807	-0.04137363284826279	0.4453776478767395
0.0	0.0	0.0	1.0
19	59	60
0.9934201240539551	0.09910839796066284	0.057399407029151917	-1.3315789699554443
-0.09383276849985123	0.9916666746139526	-0.0882764458656311	0.7111162543296814
-0.0656699389219284	0.0823095440864563	0.9944409728050232	-1.7025078535079956
0.0	0.0	0.0	1.0
20	23	60
-0.9372291564941406	0.3393374979496002	0.08032426238059998	-0.18114468455314636
0.11068624258041382	0.507920503616333	-0.8542628288269043	0.5991790890693665
-0.33068162202835083	-0.7917492389678955	-0.5135980844497681	1.2671364545822144
0.0	0.0	0.0	1.0
21	23	60
-0.9917891621589661	0.10454588383436203	0.07364900410175323	-0.1584067940711975
0.04450194537639618	0.822064995765686	-0.5676519870758057	0.33937764167785645
-0.11988994479179382	-0.5597135424613953	-0.8199676871299744	1.3634530305862427
0.0	0.0	0.0	1.0
21	34	60
-0.6188963055610657	0.7217237949371338	-0.30997177958488464	1.3310893774032593
0.6851285099983215	0.6890173554420471	0.23633357882499695	-1.2920435667037964
0.3841434121131897	-0.06610456109046936	-0.9209038019180298	2.2944884300231934
0.0	0.0	0.0	1.0
22	59	60
-0.8769012689590454	0.38563042879104614	-0.2869375944137573	1.1757805347442627
0.12372089922428131	-0.3957599997520447	-0.9099819660186768	1.9714916944503784
-0.46447521448135376	-0.8334644436836243	0.29933205246925354	0.15939277410507202
0.0	0.0	0.0	1.0
23	25	60
-0.8661444783210754	0.2954288125038147	-0.4031326472759247	0.25997644662857056
0.029640115797519684	0.835540771484375	0.548628568649292	-0.38588523864746094
0.4989142119884491	0.4632425308227539	-0.732455313205719	1.4241634607315063
0.0	0.0	0.0	1.0
23	59	60
0.9429417252540588	0.3321687579154968	0.022895678877830505	-0.8273996114730835
-0.18266120553016663	0.5735689401626587	-0.7985317707061768	2.2899696826934814
-0.2783796489238739	0.7487871050834656	0.6015166640281677	-0.44286173582077026
0.0	0.0	0.0	1.0
24	26	60
-0.15277832746505737	0.7600446343421936	0.631657063961029	-1.15888512134552
-0.6383410692214966	0.41204193234443665	-0.6501864194869995	0.6386764049530029
-0.7544400691986084	-0.5025471448898315	0.4222167730331421	0.47303536534309387
0.0	0.0	0.0	1.0
24	52	60
0.0011619031429290771	-0.033327922224998474	-0.9994438290596008	1.707920789718628
-0.994555652141571	-0.10418061912059784	0.0023180246353149414	-0.1622847318649292
-0.10419979691505432	0.9940000176429749	-0.03326736390590668	1.217319130897522
0.0	0.0	0.0	1.0
24	54	60
-0.5744817852973938	-0.5453593730926514	-0.6103718876838684	0.6341339945793152
-0.8179267644882202	0.4108147919178009	0.4027743935585022	-0.6037017703056335
0.031092941761016846	0.7306259870529175	-0.6820695996284485	2.4657492637634277
0.0	0.0	0.0	1.0
24	55	60
0.6117907762527466	0.7689962387084961	-0.1853557527065277	0.45514214038848877
0.2708926498889923	0.016475170850753784	0.9624686241149902	-2.155442953109741
0.7431883811950684	-0.6390410661697388	-0.19823606312274933	1.0762810707092285
0.0	0.0	0.0	1.0
24	56	60
-0.22513358294963837	0.5608184337615967	-0.7967419624328613	1.2607343196868896
0.21657416224479675	-0.7684729695320129	-0.6021170616149902	1.2995831966400146
-0.9499528408050537	-0.3081105053424835	0.0515502393245697	0.17624974250793457
0.0	0.0	0.0	1.0
24	57	60
0.6011958718299866	-0.7828482389450073	-0.1603490561246872	0.7631227374076843
0.6790381073951721	0.60626220703125	-0.4139488637447357	1.0217900276184082
0.4212726950645447	0.139981210231781	0.8960661888122559	-0.6735714673995972
0.0	0.0	0.0	1.0
25	27	60
0.4534072279930115	0.7970121502876282	-0.39899054169654846	0.1484195590019226
-0.8860752582550049	0.35464850068092346	-0.29848766326904297	0.5687551498413086
-0.09639689326286316	0.4888719916343689	0.8670129776000977	-0.07328569889068604
0.0	0.0	0.0	1.0
25	52	60
0.7980369329452515	-0.44701412320137024	0.40412354469299316	-1.4218215942382812
0.5044450759887695	0.8624117970466614	-0.04220372438430786	0.4800088405609131
-0.3296552002429962	0.2375381588935852	0.9137302041053772	-0.768780529499054
0.0	0.0	0.0	1.0
25	54	60
0.8133352994918823	-0.4063069820404053	-0.41641363501548767	0.15082195401191711
0.32816797494888306	0.9114002585411072	-0.24830524623394012	0.5848014950752258
0.4804077446460724	0.06530182808637619	0.8746108412742615	-0.3540611267089844
0.0	0.0	0.0	1.0
25	55	60
-0.9730567932128906	0.04654311388731003	0.2258204221725464	-0.5938699841499329
-0.2092428058385849	-0.5896323919296265	-0.7800970077514648	1.2522449493408203
0.09684276580810547	-0.8063295483589172	0.5834845304489136	-0.3417819142341614
0.0	0.0	0.0	1.0
25	56	60
-0.30329588055610657	0.7960192561149597	0.5237985253334045	-1.767943263053894
-0.03865435719490051	0.5389606952667236	-0.8414434194564819	1.51596999168396
-0.9521118402481079	-0.2754533886909485	-0.13269507884979248	0.823138952255249
0.0	0.0	0.0	1.0
25	57	60
-0.9246425628662109	-0.1937289834022522	0.32787907123565674	-0.9140926003456116
-0.268687903881073	0.9419925212860107	-0.2011387050151825	0.19034847617149353
-0.2698932886123657	-0.27407848834991455	-0.9230592846870422	3.4753377437591553
0.0	0.0	0.0	1.0
25	58	60
-0.7066182494163513	-0.5089064836502075	0.4916346073150635	-1.7981524467468262
-0.707574188709259	0.502892255783081	-0.49642518162727356	0.9705039858818054
0.005395084619522095	-0.698651134967804	-0.7154421210289001	3.113846778869629
0.0	0.0	0.0	1.0
25	59	60
0.01801968552172184	-0.6154333353042603	0.787982702255249	-1.932582139968872
-0.06966228783130646	0.7854226231575012	0.6150269508361816	-1.0291608572006226
-0.9974076151847839	-0.06597520411014557	-0.02871914952993393	1.1229606866836548
0.0	0.0	0.0	1.0
26	42	60
0.43211257457733154	0.36058273911476135	-0.8265947103500366	1.3173872232437134
-0.035825133323669434	0.9227253794670105	0.3837893307209015	-1.1311763525009155
0.9011077880859375	-0.13622699677944183	0.41163909435272217	0.40506815910339355
0.0	0.0	0.0	1.0
26	43	60
0.6876128315925598	0.45948463678359985	-0.5621944665908813	-0.08107590675354004
