0	1	38
0.9984253644943237	0.013405710458755493	-0.054474301636219025	-0.0636182427406311
-0.010895520448684692	0.9988768100738525	0.04611728712916374	0.04493260383605957
0.05503131449222565	-0.0454510822892189	0.9974499940872192	0.4718015193939209
0.0	0.0	0.0	1.0
0	6	38
0.8323048949241638	0.15365716814994812	-0.5325962901115417	0.842743992805481
-0.08083022385835648	0.9841851592063904	0.1576271802186966	-0.06967270374298096
0.5483935475349426	-0.08814392983913422	0.8315621018409729	1.823217749595642
0.0	0.0	0.0	1.0
0	8	38
-0.9046146273612976	-0.0937148705124855	-0.4158003032207489	-0.062068819999694824
-0.24024927616119385	-0.6936834454536438	0.6790313720703125	-0.24674415588378906
-0.3520691990852356	0.7141574621200562	0.6050012111663818	0.22332215309143066
0.0	0.0	0.0	1.0
0	9	38
-0.9960383176803589	-0.08764348924160004	0.015033118426799774	-0.31324928998947144
0.07159127295017242	-0.690081775188446	0.7201818227767944	-0.7342876195907593
-0.05274515599012375	0.7184053063392639	0.6936222910881042	0.059056997299194336
0.0	0.0	0.0	1.0
0	10	38
-0.387702614068985	0.20858776569366455	-0.897874116897583	2.254262924194336
0.0048881471157073975	0.9745123982429504	0.2242812216281891	-0.5153527855873108
0.9217715263366699	0.08256535977125168	-0.3788406252861023	3.4154417514801025
0.0	0.0	0.0	1.0
0	11	38
-0.9576317071914673	0.26397255063056946	-0.1151500716805458	-0.09603098034858704
-0.2802547216415405	-0.7620896100997925	0.583674967288971	-0.31228089332580566
0.0663195326924324	0.5912172794342041	0.8037808537483215	0.27820897102355957
0.0	0.0	0.0	1.0
0	27	38
0.9531864523887634	0.09778175503015518	-0.28613555431365967	1.1555202007293701
-0.021680183708667755	0.965936541557312	0.2578697204589844	-0.08037030696868896
0.301603764295578	-0.23959456384181976	0.9228377342224121	0.4428398609161377
0.0	0.0	0.0	1.0
0	28	38
0.9663012623786926	0.17682313919067383	-0.1870717853307724	1.1008989810943604
-0.11663906276226044	0.9486137628555298	0.29415616393089294	-0.3019940257072449
0.22947241365909576	-0.262423574924469	0.9372708797454834	0.974083423614502
0.0	0.0	0.0	1.0
1	2	38
0.999284029006958	-0.03106343001127243	-0.02159072458744049	-0.0007211267948150635
0.03207911550998688	0.9983122944831848	0.04840731620788574	-0.023966968059539795
0.020050659775733948	-0.04906532168388367	0.9985942244529724	0.8780176639556885
0.0	0.0	0.0	1.0
1	6	38
0.5523042678833008	0.10103020071983337	-0.8274979591369629	1.3570456504821777
-0.013791412115097046	0.9936004877090454	0.11210525035858154	-0.08038440346717834
0.8335283994674683	-0.05050390958786011	0.5501632690429688	2.6326029300689697
0.0	0.0	0.0	1.0
1	8	38
0.133855938911438	-0.009810686111450195	-0.9909521341323853	2.0481529235839844
-0.006143391132354736	0.9999235272407532	-0.010729461908340454	-0.19535627961158752
0.990981936454773	0.007523864507675171	0.13378556072711945	2.545710563659668
0.0	0.0	0.0	1.0
1	9	38
-0.3387435972690582	0.19178993999958038	-0.9211239814758301	2.3690342903137207
-0.017128847539424896	0.9775846600532532	0.20984499156475067	-0.5458013415336609
0.9407228231430054	0.0868615210056305	-0.3278654217720032	2.9285123348236084
0.0	0.0	0.0	1.0
1	10	38
-0.49132466316223145	0.22256116569042206	-0.8420611023902893	2.3800275325775146
-0.06781914085149765	0.9540896415710449	0.29174187779426575	-0.7769232392311096
0.8683323264122009	0.20044787228107452	-0.45367395877838135	3.1875178813934326
0.0	0.0	0.0	1.0
1	27	38
0.9533638954162598	0.06562885642051697	-0.2946017384529114	1.3574447631835938
-0.007662922143936157	0.9810218811035156	0.1937451958656311	-0.04666203260421753
0.3017261028289795	-0.18245214223861694	0.9357739090919495	-0.04237771034240723
0.0	0.0	0.0	1.0
1	28	38
0.97640460729599	0.07261785864830017	-0.20337404310703278	1.340248465538025
-0.03620202839374542	0.9834798574447632	0.17735937237739563	-0.13081789016723633
0.21289388835430145	-0.16581204533576965	0.9629031419754028	0.42307043075561523
0.0	0.0	0.0	1.0
2	3	38
0.9997232556343079	-0.013332292437553406	-0.019388586282730103	0.22143056988716125
0.013558879494667053	0.9998406767845154	0.011600643396377563	-0.02735319547355175
0.019230887293815613	-0.011860400438308716	0.9997446537017822	0.7407577037811279
0.0	0.0	0.0	1.0
2	5	38
0.8343276381492615	0.08344504237174988	-0.5449168682098389	0.9747381806373596
-0.03832826018333435	0.9948659539222717	0.09366202354431152	-0.17418557405471802
0.5499348044395447	-0.057259246706962585	0.833242654800415	1.7221934795379639
0.0	0.0	0.0	1.0
2	8	38
0.1558566391468048	0.032784391194581985	-0.987235426902771	2.065753698348999
-0.058012574911117554	0.9980276226997375	0.023984204977750778	-0.3543381094932556
0.9860748052597046	0.053534135222435	0.15745118260383606	1.6547530889511108
0.0	0.0	0.0	1.0
3	4	38
0.9820768237113953	0.018572337925434113	-0.18756379187107086	0.45604175329208374
-0.009118601679801941	0.9986498355865479	0.05113987624645233	-0.08532258868217468
0.18826039135456085	-0.04851290583610535	0.980920135974884	0.512136697769165
0.0	0.0	0.0	1.0
3	5	38
0.8560366630554199	0.09283643960952759	-0.5085102915763855	0.7612873315811157
-0.04997508227825165	0.9939956665039062	0.09734001755714417	-0.16958753764629364
0.5144938826560974	-0.05791373550891876	0.8555362224578857	0.9790542125701904
0.0	0.0	0.0	1.0
3	6	38
0.6014557480812073	0.13190868496894836	-0.7879413366317749	1.1756467819213867
-0.07221944630146027	0.9912142157554626	0.11081123352050781	-0.19046145677566528
0.7956352829933167	-0.009743556380271912	0.605697751045227	0.9856078624725342
0.0	0.0	0.0	1.0
4	5	38
0.9375367164611816	0.07072611153125763	-0.34061989188194275	0.40501293540000916
-0.055971659719944	0.9970266819000244	0.05296330153942108	-0.1179434284567833
0.3433530628681183	-0.030589990317821503	0.9387080073356628	0.39770328998565674
0.0	0.0	0.0	1.0
4	6	38
0.7469456791877747	0.14664426445960999	-0.6485119462013245	0.8041201233863831
-0.12573717534542084	0.9889291524887085	0.07879865169525146	-0.14689591526985168
0.652887761592865	0.022683825343847275	0.7571150064468384	0.3184601068496704
0.0	0.0	0.0	1.0
4	7	38
0.5134096145629883	0.10154713690280914	-0.8521139621734619	1.1688820123672485
-0.12680885195732117	0.9910503029823303	0.04170038178563118	-0.23993121087551117
0.8487224578857422	0.08664623647928238	0.5216919779777527	0.2409583330154419
0.0	0.0	0.0	1.0
5	6	38
0.9365886449813843	0.08574049174785614	-0.33977997303009033	0.329825222492218
-0.08795280754566193	0.9960848093032837	0.008915498852729797	0.004619985818862915
0.339214026927948	0.021534495055675507	0.9404627084732056	-0.22497296333312988
0.0	0.0	0.0	1.0
5	7	38
0.7809762954711914	0.06510204076766968	-0.6211581826210022	0.6889245510101318
-0.10906614363193512	0.9934864640235901	-0.033003032207489014	-0.0668424740433693
0.6149638295173645	0.09352182596921921	0.782990038394928	-0.4195280075073242
0.0	0.0	0.0	1.0
5	8	38
0.6808477640151978	0.033170394599437714	-0.7316732406616211	0.853081464767456
-0.11866168677806854	0.9907718300819397	-0.06550219655036926	-0.08653751760721207
0.7227483987808228	0.1314186453819275	0.6785008907318115	-0.6756974458694458
0.0	0.0	0.0	1.0
6	7	38
0.9497231841087341	0.0052466318011283875	-0.3130466341972351	0.2738575339317322
-0.02581491507589817	0.997767448425293	-0.06159517168998718	-0.05534440279006958
0.3120245337486267	0.066579669713974	0.9477382898330688	-0.30080533027648926
0.0	0.0	0.0	1.0
6	8	38
0.8907123804092407	-0.004971832036972046	-0.4545403718948364	0.36521485447883606
-0.048973798751831055	0.993070662021637	-0.10683098435401917	-0.0609004944562912
0.4519217610359192	0.11741596460342407	0.8842964768409729	-0.5930755138397217
0.0	0.0	0.0	1.0
7	8	38
0.9893416166305542	0.019416391849517822	-0.14431123435497284	-0.027477949857711792
-0.026615113019943237	0.9984865188598633	-0.048122063279151917	-0.01910337805747986
0.14315854012966156	0.05145040154457092	0.9883614182472229	-0.30666232109069824
0.0	0.0	0.0	1.0
9	10	38
0.9892173409461975	0.00930304266512394	-0.14615868031978607	0.19086423516273499
-0.008007582277059555	0.9999232292175293	0.00944913923740387	0.019033610820770264
0.1462354063987732	-0.008177056908607483	0.9892159700393677	-0.041382789611816406
0.0	0.0	0.0	1.0
9	11	38
0.9524571299552917	0.03330793231725693	-0.3028469383716583	0.35599204897880554
0.010686591267585754	0.9897422194480896	0.14246399700641632	-0.1018223762512207
0.304485559463501	-0.13892735540866852	0.942331075668335	0.7050049304962158
0.0	0.0	0.0	1.0
10	11	38
0.9872061610221863	-0.0984918624162674	0.12539216876029968	-0.12307468056678772
0.08277343213558197	0.9887067675590515	0.12492983043193817	-0.14303898811340332
-0.13628071546554565	-0.1129523366689682	0.9842101335525513	0.4884026050567627
0.0	0.0	0.0	1.0
14	15	38
0.9951167106628418	0.03886885941028595	-0.09072715044021606	0.1764903962612152
-0.03585197031497955	0.9987562894821167	0.03464965894818306	-0.06018704175949097
0.09196121990680695	-0.031227748841047287	0.9952728748321533	0.12300324440002441
0.0	0.0	0.0	1.0
14	16	38
0.9919445514678955	0.002509085461497307	-0.12664952874183655	0.1574559211730957
0.007105477154254913	0.9971278309822083	0.07540696859359741	-0.05488303303718567
0.12647491693496704	-0.07569938898086548	0.9890773892402649	0.17999482154846191
0.0	0.0	0.0	1.0
14	17	38
0.9228249788284302	0.09588184952735901	-0.37309587001800537	0.28339433670043945
-0.08708709478378296	0.9953811168670654	0.04039943590760231	-0.07485315203666687
0.3752463459968567	-0.004789741709828377	0.9269128441810608	0.7169086933135986
0.0	0.0	0.0	1.0
15	16	38
0.9976727962493896	-0.053305014967918396	-0.042518287897109985	0.0008129477500915527
0.054241929203271866	0.9983029365539551	0.021190349012613297	0.022751837968826294
0.04131641983985901	-0.02344728261232376	0.9988709688186646	0.04816079139709473
0.0	0.0	0.0	1.0
15	17	38
0.9541019201278687	0.0764724537730217	-0.2895544767379761	0.19421470165252686
-0.07815946638584137	0.9969242811203003	0.005750708281993866	-0.04504662752151489
0.28910359740257263	0.01714467629790306	0.9571443200111389	0.5730838775634766
0.0	0.0	0.0	1.0
16	17	38
0.966240644454956	0.10351841896772385	-0.2359289824962616	0.1568506956100464
-0.11186537891626358	0.9934741258621216	-0.022235672920942307	-0.05216585099697113
0.23208779096603394	0.04787743464112282	0.971515953540802	0.5061163902282715
0.0	0.0	0.0	1.0
17	18	38
0.9674129486083984	0.03698490560054779	-0.2504880130290985	0.2642252445220947
-0.015783803537487984	0.9961592555046082	0.08612558245658875	-0.09559875726699829
0.2527112662792206	-0.07936519384384155	0.9642811417579651	0.5887646675109863
0.0	0.0	0.0	1.0
18	19	38
0.9010244011878967	0.02654752880334854	-0.43295609951019287	0.2494717836380005
-0.02987315133213997	0.9995532631874084	-0.0008794963359832764	0.0023181140422821045
0.4327391982078552	0.013726286590099335	0.9014147520065308	0.5189263820648193
0.0	0.0	0.0	1.0
19	20	38
0.9223960638046265	0.05738111957907677	-0.3819594383239746	0.30752167105674744
-0.056369803845882416	0.9983136057853699	0.013847298920154572	-0.08025845885276794
0.38210999965667725	0.008758320473134518	0.9240752458572388	0.15075325965881348
0.0	0.0	0.0	1.0
19	21	38
-0.723975658416748	0.1429322361946106	0.6748557090759277	-2.5320029258728027
0.06811118125915527	0.9883295893669128	-0.13625624775886536	0.5093119144439697
-0.6864551305770874	-0.05268098786473274	-0.7252615094184875	5.249686241149902
0.0	0.0	0.0	1.0
20	21	38
0.9128265380859375	0.06544625759124756	-0.4030696153640747	0.35605722665786743
-0.03807131201028824	0.9964141249656677	0.07556779682636261	-0.02381223440170288
0.40656960010528564	-0.05363483726978302	0.9120440483093262	-0.24156713485717773
0.0	0.0	0.0	1.0
21	22	38
0.9268225431442261	0.02269558608531952	-0.37481337785720825	0.13174402713775635
-0.0118570476770401	0.9994431138038635	0.031198054552078247	0.05495959520339966
0.37531256675720215	-0.024470798671245575	0.9265753030776978	-0.054193735122680664
0.0	0.0	0.0	1.0
22	23	38
0.9926327466964722	0.04341667890548706	-0.11312006413936615	0.004322946071624756
-0.030314788222312927	0.9928947687149048	0.115070641040802	0.04761028289794922
0.11731231212615967	-0.11079362034797668	0.9868957996368408	-0.008367300033569336
0.0	0.0	0.0	1.0
22	24	38
0.9340956807136536	0.09603571146726608	-0.34386390447616577	0.2169247269630432
-0.04474863409996033	0.9870404601097107	0.15410643815994263	-0.04132717847824097
0.3542073369026184	-0.1285628080368042	0.9262876510620117	0.4656054973602295
0.0	0.0	0.0	1.0
23	24	38
0.9828514456748962	0.02148076891899109	-0.18314406275749207	0.18709421157836914
-0.015343040227890015	0.9992745518684387	0.03486475348472595	-0.12416622042655945
0.18376007676124573	-0.03145706653594971	0.9824676513671875	0.4027884006500244
0.0	0.0	0.0	1.0
23	25	38
0.9472006559371948	0.05697526037693024	-0.3155393898487091	0.48016124963760376
-0.04184354841709137	0.9976351857185364	0.05453008413314819	-0.2405635118484497
0.31790000200271606	-0.03844749927520752	0.9473445415496826	0.7655136585235596
0.0	0.0	0.0	1.0
24	25	38
0.9931764006614685	0.05521771311759949	-0.10272112488746643	0.3061484396457672
-0.05405345559120178	0.998438835144043	0.01408541202545166	-0.12233379483222961
0.10333849489688873	-0.008436724543571472	0.9946104288101196	0.2659672498703003
0.0	0.0	0.0	1.0
25	26	38
0.9408714175224304	0.09980706870555878	-0.3237275183200836	0.3252527415752411
-0.0952058732509613	0.9950035810470581	0.03006213903427124	-0.12722665071487427
0.3251104950904846	0.002536296844482422	0.9456728100776672	0.4088016748428345
0.0	0.0	0.0	1.0
26	27	38
0.9545853137969971	0.07841971516609192	-0.28743284940719604	0.23474198579788208
-0.07557323575019836	0.9969190359115601	0.021003300324082375	-0.12061595916748047
0.28819429874420166	0.0016728192567825317	0.9575705528259277	0.3213388919830322
0.0	0.0	0.0	1.0
26	28	38
0.7510077953338623	0.6145268678665161	0.2415454387664795	-1.251422643661499
-0.09218578040599823	0.4598158597946167	-0.8832162618637085	2.184508800506592
-0.6538267731666565	0.6410351991653442	0.40197572112083435	1.4056679010391235
0.0	0.0	0.0	1.0
27	28	38
0.996456503868103	0.007190784439444542	0.0838034600019455	0.15368038415908813
-0.006698399782180786	0.9999586939811707	-0.00615459680557251	-0.18868105113506317
-0.08384428918361664	0.005571335554122925	0.996463418006897	0.43779993057250977
0.0	0.0	0.0	1.0
29	30	38
0.966245174407959	-0.03769195079803467	0.25485217571258545	0.08494424819946289
-0.0018344968557357788	0.9882079362869263	0.1531088650226593	0.04050600528717041
-0.25761789083480835	-0.14840833842754364	0.9547818899154663	0.301501989364624
0.0	0.0	0.0	1.0
30	31	38
0.9510037302970886	-0.002581685781478882	0.3091685175895691	-0.09569615125656128
0.005092456936836243	0.9999604225158691	-0.0073146820068359375	-0.00032711122184991837
-0.309137225151062	0.008530784398317337	0.9509789943695068	0.6913819313049316
0.0	0.0	0.0	1.0
31	32	38
0.8203849196434021	-0.04872089624404907	0.5697323679924011	-0.4665524363517761
0.04708114266395569	0.998735785484314	0.01761285960674286	0.00027958303689956665
-0.5698702931404114	0.012374214828014374	0.8216415643692017	0.29023075103759766
0.0	0.0	0.0	1.0
31	33	38
0.6384113430976868	-0.10450026392936707	0.762568473815918	-1.0217950344085693
0.09707308560609818	0.9937611222267151	0.05491417646408081	0.038174375891685486
-0.763549268245697	0.038966886699199677	0.6445726156234741	0.20852351188659668
0.0	0.0	0.0	1.0
31	34	38
0.45419254899024963	-0.024910256266593933	0.8905553221702576	-1.3697208166122437
0.10043954104185104	0.9946675300598145	-0.023402422666549683	0.01665249466896057
-0.8852233290672302	0.10007590055465698	0.4542725384235382	0.33526933193206787
0.0	0.0	0.0	1.0
31	35	38
0.4492573142051697	0.09711727499961853	0.8881082534790039	-1.3968932628631592
0.11898739635944366	0.978714108467102	-0.16721594333648682	0.11970888823270798
-0.885443389415741	0.18079684674739838	0.4281386137008667	0.2976713180541992
0.0	0.0	0.0	1.0
31	36	38
0.5356937646865845	0.13087782263755798	0.8342081308364868	-1.4510014057159424
0.10540711134672165	0.9698240160942078	-0.21984225511550903	0.08059397339820862
-0.8378073573112488	0.20569947361946106	0.5057333707809448	0.32596802711486816
0.0	0.0	0.0	1.0
31	37	38
0.48099327087402344	-0.02175791561603546	0.8764541745185852	-1.448923945426941
0.02362561598420143	0.9996506571769714	0.011850818991661072	0.0125512033700943
-0.8764058351516724	0.015006547793745995	0.4813392758369446	0.34798169136047363
0.0	0.0	0.0	1.0
32	33	38
0.962940514087677	-0.05599278211593628	0.263836532831192	-0.42175742983818054
0.05080435425043106	0.9983581304550171	0.026453018188476562	0.05169656127691269
-0.264884352684021	-0.012068584561347961	0.9642045497894287	-0.3818857669830322
0.0	0.0	0.0	1.0
32	34	38
0.8743127584457397	-0.022127732634544373	0.48485827445983887	-0.8217426538467407
0.06275724619626999	0.9957284927368164	-0.06772369146347046	0.06773624569177628
-0.4812886118888855	0.08963988721370697	0.8719667196273804	-0.4643421173095703
0.0	0.0	0.0	1.0
32	35	38
0.8739156723022461	0.035380035638809204	0.48478853702545166	-0.807962954044342
0.07187014073133469	0.9769803881645203	-0.2008589804172516	0.1286640465259552
-0.48073476552963257	0.21037563681602478	0.8512556552886963	-0.513202428817749
0.0	0.0	0.0	1.0
32	36	38
0.9252711534500122	0.03959062695503235	0.3772347569465637	-0.8040068745613098
0.05888232961297035	0.9674894213676453	-0.24596290290355682	0.09202137589454651
-0.3747084140777588	0.24979467689990997	0.8928584456443787	-0.5407414436340332
0.0	0.0	0.0	1.0
32	37	38
0.8946167826652527	0.016158640384674072	0.44654130935668945	-0.8495546579360962
-0.005212411284446716	0.99965500831604	-0.025730907917022705	0.06971743702888489
-0.4468028247356415	0.02069184184074402	0.8943928480148315	-0.5154080390930176
0.0	0.0	0.0	1.0
33	34	38
0.9729593992233276	-0.011250495910644531	0.2307012677192688	-0.35033556818962097
0.036809422075748444	0.9936004877090454	-0.10678616911172867	0.0607093870639801
-0.22802329063415527	0.11239059269428253	0.9671472311019897	-0.18695378303527832
0.0	0.0	0.0	1.0
33	35	38
0.9718981385231018	0.003917023539543152	0.23536896705627441	-0.33724910020828247
0.053855933248996735	0.9696426391601562	-0.23852169513702393	0.1275601089000702
-0.22915828227996826	0.24449485540390015	0.9421830177307129	-0.22360658645629883
0.0	0.0	0.0	1.0
33	36	38
0.9939510822296143	0.01767943799495697	0.10839217901229858	-0.30832839012145996
0.012889929115772247	0.9613569974899292	-0.27500206232070923	0.057459354400634766
-0.10906559228897095	0.2747358977794647	0.955314040184021	-0.257678747177124
0.0	0.0	0.0	1.0
33	37	38
0.9800445437431335	0.04711790382862091	0.1931132972240448	-0.3783138692378998
-0.03385964035987854	0.9968733191490173	-0.07139141112565994	0.08831310272216797
-0.19587332010269165	0.06342804431915283	0.9785757660865784	-0.23912286758422852
0.0	0.0	0.0	1.0
34	35	38
0.9999428391456604	-0.010005690157413483	0.003724813461303711	0.013318359851837158
0.010440169833600521	0.9893736839294434	-0.14502036571502686	0.09203779697418213
-0.002234160900115967	0.1450510174036026	0.9894214868545532	-0.03524065017700195
0.0	0.0	0.0	1.0
34	36	38
0.992186427116394	-0.010582558810710907	-0.12431490421295166	0.06225726008415222
-0.01018594577908516	0.9861993193626404	-0.16524946689605713	-0.017568498849868774
0.12434816360473633	0.16522455215454102	0.9783856868743896	-0.05601000785827637
0.0	0.0	0.0	1.0
34	37	38
0.9957265853881836	0.08059733361005783	-0.045087069272994995	0.008423328399658203
-0.07842358946800232	0.9957606792449951	0.04806669056415558	-0.019707247614860535
0.04877004027366638	-0.04432554543018341	0.9978260397911072	-0.05587911605834961
0.0	0.0	0.0	1.0
35	36	38
0.9910892844200134	-0.00493573397397995	-0.13310787081718445	0.0501214861869812
0.0009679198265075684	0.9995539784431458	-0.029857546091079712	-0.08793863654136658
0.1331958770751953	0.029462754726409912	0.9906519055366516	-0.006507158279418945
0.0	0.0	0.0	1.0
35	37	38
0.9953223466873169	0.08676016330718994	-0.04249486327171326	-0.031450897455215454
-0.07705888152122498	0.9782801866531372	0.19243034720420837	-0.10781965404748917
0.05826720595359802	-0.18825562298297882	0.9803900718688965	-0.0064961910247802734
0.0	0.0	0.0	1.0
36	37	38
0.9947508573532104	0.06406088173389435	0.07979291677474976	-0.04971611499786377
-0.07961849868297577	0.974389374256134	0.21029864251613617	0.004057824611663818
-0.06427755951881409	-0.2155480831861496	0.9743750095367432	0.00883936882019043
0.0	0.0	0.0	1.0
